uint8_t exteriortileset[] =
{
     16,  16,   0,   0,   0,   0,   0,   0,   0,   0,   0,   0,   0,   0,   0,   0,
      0,   0,   0,   0,   0,   0,   0,   0,   0, 128,   0, 128, 128, 192,   0, 192,
    192, 224, 128, 224,  96, 240,   0, 240, 176, 248, 176, 248, 216, 252,   0, 252,
    108, 254, 108, 254, 182, 255,   0, 255, 219, 255, 219, 255, 109, 255,   0, 255,
    182, 255,   0,   0,   0,   0,   0,   0,   0,   0,   0,   0,   0,   0,   0,   0,
      0,   0,   0,   0,   0,   0,   0,   0,   0, 128,   0, 128,   0, 192,   0, 192,
    192, 224, 128, 224,  96, 240,   0, 240, 176, 248,   0, 248,   0, 252,   0, 252,
    108, 254,   0, 254,   0, 255,   0, 255, 219, 255,   0, 255,   0, 255,   0, 255,
    182, 255,   0,   0,   0,   0,   0,   0,   0,   0,   0,   0,   0,   0,   0,   0,
      0,   0,   0,   0,   0,   0,   0,   0,   0, 128,   0, 128,   0, 192,   0, 192,
      0, 224, 128, 224,  96, 240,   0, 240,   0, 248,   0, 248,   0, 252,   0, 252,
      0, 254,   0, 254,   0, 255,   0, 255,   0, 255,   0, 255,   0, 255,   0, 255,
      0, 255, 192, 224,  96, 240,   0, 240, 176, 248, 176, 248, 216, 252,   0, 255,
    254, 255, 254, 255,   0, 255,   0, 252,   0, 248, 176, 248,   0, 240,   0, 240,
      0, 224, 182, 255, 219, 255,   0, 255, 109, 255, 109, 255, 182, 255,   0, 255,
    255, 255, 255, 255,   0, 255,   0, 255,   0, 255, 109, 255,   0, 255,   0, 255,
      0, 255,   0, 224,   0, 240,   0, 240, 176, 248,   0, 248,   0, 252,   0, 255,
    254, 255, 254, 255,   0, 255,   0, 252,   0, 248,   0, 248,   0, 240,   0, 240,
      0, 224,   0, 255,   0, 255,   0, 255, 109, 255,   0, 255,   0, 255,   0, 255,
    255, 255, 255, 255,   0, 255,   0, 255,   0, 255,   0, 255,   0, 255,   0, 255,
      0, 255,   0, 224,   0, 240,   0, 240,   0, 248,   0, 248,   0, 252,   0, 255,
    254, 255,   0, 255,   0, 255,   0, 252,   0, 248,   0, 248,   0, 240,   0, 240,
      0, 224,   0, 255,   0, 255,   0, 255,   0, 255,   0, 255,   0, 255,   0, 255,
    127, 255,   0, 255,   0, 255,   0, 255,   0, 255,   0, 255,   0, 255,   0, 255,
      0, 255, 192, 224,   0, 192,   0, 192,   0, 128,   0, 128,   0,   0,   0,   0,
      0,   0,   0,   0,   0,   0,   0,   0,   0,   0,   0,   0,   0,   0,   0,   0,
      0,   0, 182, 255,   0, 255,   0, 255,   0, 255, 219, 255,   0, 255,   0, 255,
      0, 254, 108, 254,   0, 252,   0, 252,   0, 248, 176, 248,   0, 240,   0, 240,
      0, 240,   0, 224,   0, 192,   0, 192,   0, 128,   0, 128,   0,   0,   0,   0,
      0,   0,   0,   0,   0,   0,   0,   0,   0,   0,   0,   0,   0,   0,   0,   0,
      0,   0,   0, 255,   0, 255,   0, 255,   0, 255,   0, 255,   0, 255,   0, 255,
      0, 254,   0, 254,   0, 252,   0, 252,   0, 248,   0, 248,   0, 240,   0, 240,
      0, 240,   0, 224,   0, 192,   0, 192,   0, 128,   0, 128,   0,   0,   0,   0,
      0,   0,   0,   0,   0,   0,   0,   0,   0,   0,   0,   0,   0,   0,   0,   0,
      0,   0,   0, 255,   0, 255,   0, 255,   0, 255,   0, 255,   0, 255,   0, 255,
      0, 254,   0, 254,   0, 252,   0, 252,   0, 248,   0, 248,   0, 240,   0, 240,
      0, 240,   0,   0,   0,   0,   0,   0,   0,   0,   0,   0,   0,   0,   0,   0,
      0,   0,   0,   0,   0,   0,   0,   0,   0,   0,   0,   0,   0,   0,   0,   0,
      0,   0,  96, 240,   0, 240,   0, 240,   0, 240,  96, 240,   0, 240,   0, 240,
      0, 240,  96, 240,   0, 240,   0, 240,   0, 240,  96, 240,   0, 240,   0, 240,
      0, 224,   0,   0,   0,   0,   0,   0,   0,   0,   0,   0,   0,   0,   0,   0,
      0,   0,   0,   0,   0,   0,   0,   0,   0,   0,   0,   0,   0,   0,   0,   0,
      0,   0,   0, 240,   0, 240,   0, 240,   0, 240,   0, 240,   0, 240,   0, 240,
      0, 240,   0, 240,   0, 240,   0, 240,   0, 240,   0, 240,   0, 240,   0, 240,
      0, 224,   0,   0,   0,   0,   0,   0,   0,   0,   0,   0,   0,   0,   0,   0,
      0,   0,   0,   0,   0,   0,   0,   0,   0,   0,   0,   0,   0,   0,   0,   0,
      0,   0,   0, 240,   0, 240,   0, 240,   0, 240,   0, 240,   0, 240,   0, 240,
      0, 240,   0, 240,   0, 240,   0, 240,   0, 240,   0, 240,   0, 240,   0, 240,
      0, 224,   0,  15,   6, 255, 182, 255, 182, 255, 182, 255, 182, 255,   6, 255,
    182, 255, 182, 255, 182, 255, 182, 255,   6, 255, 182, 255, 182, 255, 182, 255,
    182, 255,   0,   0,   0, 255, 109, 255, 109, 255, 109, 255, 109, 255,   0, 255,
    109, 255, 109, 255, 109, 255, 109, 255,   0, 255, 109, 255, 109, 255, 109, 255,
    109, 255,   0,  15,   6, 255,  38, 255,  38, 255,  38, 255,  38, 255,   6, 255,
     38, 255,  38, 255,  38, 255,  38, 255,   6, 255,  38, 255,  38, 255,  38, 255,
     38, 255,   0,   0,   0, 255,  73, 255,  73, 255,  73, 255,  73, 255,   0, 255,
     73, 255,  73, 255,  73, 255,  73, 255,   0, 255,  73, 255,  73, 255,  73, 255,
     73, 255,   0,  15,   6, 255,  34, 255,  34, 255,   2, 255,   2, 255,   2, 255,
      2, 255,   2, 255,   2, 255,   2, 255,   2, 255,   2, 255,   2, 255,   2, 255,
      2, 255,   0,   0,   0, 255,  73, 255,  73, 255,   0, 255,   0, 255,   0, 255,
      0, 255,   0, 255,   0, 255,   0, 255,   0, 255,   0, 255,   0, 255,   0, 255,
      0, 255,   6, 255, 182, 255, 182, 255, 182, 255, 182, 255,   6, 255, 182, 255,
    182, 255, 182, 255, 182, 255,   6, 255, 182, 255, 182, 255, 182, 255, 182, 255,
      6, 255,   0, 255, 109, 255, 109, 255, 109, 255, 109, 255,   0, 255, 109, 255,
    109, 255, 109, 255, 109, 255,   0, 255, 109, 255, 109, 255, 109, 255, 109, 255,
      0, 255,   6, 255,  38, 255,  38, 255,  38, 255,  38, 255,   6, 255,  38, 255,
     38, 255,  38, 255,  38, 255,   6, 255,  38, 255,  38, 255,  38, 255,  38, 255,
      6, 255,   0, 255,  73, 255,  73, 255,  73, 255,  73, 255,   0, 255,  73, 255,
     73, 255,  73, 255,  73, 255,   0, 255,  73, 255,  73, 255,  73, 255,  73, 255,
      0, 255,   2, 255,   2, 255,   2, 255,   2, 255,   2, 255,   2, 255,   2, 255,
      2, 255,   2, 255,   2, 255,   2, 255,   2, 255,   2, 255,   2, 255,   2, 255,
      2, 255,   0, 255,   0, 255,   0, 255,   0, 255,   0, 255,   0, 255,   0, 255,
      0, 255,   0, 255,   0, 255,   0, 255,   0, 255,   0, 255,   0, 255,   0, 255,
      0, 255, 182, 255, 182, 255, 182, 255, 182, 255,   6, 255, 182, 255, 182, 255,
    182, 255, 182, 255,   6, 255, 182, 255, 182, 255, 182, 255, 182, 255,   6, 255,
      0,  15, 109, 255, 109, 255, 109, 255, 109, 255,   0, 255, 109, 255, 109, 255,
    109, 255, 109, 255,   0, 255, 109, 255, 109, 255, 109, 255, 109, 255,   0, 255,
      0,   0,  38, 255,  38, 255,  38, 255,  38, 255,   6, 255,  38, 255,  38, 255,
     38, 255,  38, 255,   6, 255,  38, 255,  38, 255,  38, 255,  38, 255,   6, 255,
      0,  15,  73, 255,  73, 255,  73, 255,  73, 255,   0, 255,  73, 255,  73, 255,
     73, 255,  73, 255,   0, 255,  73, 255,  73, 255,  73, 255,  73, 255,   0, 255,
      0,   0,   2, 255,   2, 255,   2, 255,   2, 255,   2, 255,   2, 255,   2, 255,
      2, 255,   2, 255,   2, 255,   2, 255,   2, 255,   2, 255,   2, 255,   2, 255,
      0,  15,   0, 255,   0, 255,   0, 255,   0, 255,   0, 255,   0, 255,   0, 255,
      0, 255,   0, 255,   0, 255,   0, 255,   0, 255,   0, 255,   0, 255,   0, 255,
      0,   0,  36, 255, 219, 255,   0, 255, 109, 255, 109, 255, 182, 255,   0, 255,
    219, 255, 219, 255, 109, 255,   0, 255, 182, 255, 182, 255,  91, 255,  64, 255,
    173, 255,   1,  31,  22,  63,  16, 191,  11, 255, 235, 255, 245, 255, 244, 255,
    250, 255, 250, 255, 253, 255, 253, 255, 254, 255, 254, 255, 255, 255,  63, 255,
    191, 255,  36, 255, 219, 255,   0, 255, 109, 255,   0, 255,   0, 255,   0, 255,
    219, 255,   0, 255,   0, 255,   0, 255, 182, 255, 128, 255,  64, 255,  64, 255,
     45, 255,   1,  31,  22,  63,  16, 191,  11, 255, 200, 255, 228, 255, 228, 255,
    242, 255, 242, 255, 249, 255, 249, 255, 252, 255, 252, 255, 254, 255,  62, 255,
    191, 255,  36, 255, 219, 255,   0, 255,   0, 255,   0, 255,   0, 255,   0, 255,
      0, 255,   0, 255,   0, 255,   0, 255, 128, 255, 128, 255,  64, 255,  64, 255,
     32, 255,   1,  31,  22,  63,  16, 191,   8, 255,   8, 255,   4, 255,   4, 255,
      2, 255,   2, 255,   1, 255,   1, 255,   0, 255,   0, 255,   0, 255,   0, 255,
    128, 255, 173, 255, 214, 255, 208, 255, 235, 255, 235, 255, 245, 255, 244, 255,
    250, 255, 250, 255, 244, 255, 244, 255, 232, 255, 235, 255, 208, 255, 208, 255,
    160, 255, 191, 255, 191, 255, 191, 255, 191, 255, 191, 255, 191, 255, 191, 255,
    191, 255, 191, 255, 191, 255, 191, 255, 191, 255, 191, 255, 191, 255, 191, 255,
    191, 255,  32, 255, 144, 255, 144, 255, 203, 255, 200, 255, 228, 255, 228, 255,
    242, 255, 242, 255, 228, 255, 228, 255, 200, 255, 200, 255, 144, 255, 144, 255,
     32, 255, 191, 255, 191, 255, 191, 255, 191, 255, 191, 255, 191, 255, 187, 255,
    187, 255, 170, 255, 168, 255, 170, 255, 162, 255, 170, 255, 174, 255, 175, 255,
    167, 255,  32, 255,  16, 255,  16, 255,   8, 255,   8, 255,   4, 255,   4, 255,
      2, 255,   2, 255,   0, 255,   0, 255,   0, 255,   0, 255,   0, 255,   0, 255,
      0, 255, 128, 255, 128, 255, 128, 255, 128, 255, 128, 255, 128, 255, 128, 255,
    128, 255, 128, 255, 128, 255, 128, 255, 128, 255, 128, 255, 128, 255, 128, 255,
    128, 255, 173, 255,  64, 255,  64, 255, 128, 255, 182, 255,   0, 255,   0, 255,
      0, 255, 219, 255,   0, 255,   0, 255,   0, 255, 109, 255,   0, 255,   0, 255,
      0, 255, 191, 255,  63, 255, 255, 255, 254, 255, 254, 255, 253, 255, 253, 255,
    250, 255, 250, 255, 244, 255, 244, 255, 232, 255, 235, 255, 208, 255, 208, 255,
    208, 255,  32, 255,  64, 255,  64, 255, 128, 255, 128, 255,   0, 255,   0, 255,
      0, 255,   0, 255,   0, 255,   0, 255,   0, 255,   0, 255,   0, 255,   0, 255,
      0, 255, 175, 255,  62, 255, 254, 255, 252, 255, 252, 255, 249, 255, 249, 255,
    242, 255, 242, 255, 228, 255, 228, 255, 200, 255, 200, 255, 144, 255, 144, 255,
    144, 255,   0, 255,   0, 255,   0, 255,   0, 255,   0, 255,   0, 255,   0, 255,
      0, 255,   0, 255,   0, 255,   0, 255,   0, 255,   0, 255,   0, 255,   0, 255,
      0, 255, 128, 255,   0, 255,   0, 255,   0, 255,   0, 255,   0, 255,   0, 255,
      0, 255,   0, 255,   0, 255,   0, 255,   0, 255,   0, 255,   0, 255,   0, 255,
      0, 255, 219, 255,   0, 255,   0, 255,   0, 255, 219, 255,   0, 255,   0, 255,
      0, 255, 219, 255,   0, 255,   0, 255,   0, 255, 219, 255,   0, 255,   0, 255,
     17, 255, 198, 255, 208, 255, 208, 255, 208, 255, 198, 255, 208, 255, 208, 255,
    208, 255, 198, 255, 208, 255, 208, 255, 208, 255, 198, 255,  16, 255,  16, 191,
      1,  31,   0, 255,   0, 255,   0, 255,   0, 255,   0, 255,   0, 255,   0, 255,
      0, 255,   0, 255,   0, 255,   0, 255,   0, 255,   0, 255,   0, 255,   0, 255,
     17, 255, 128, 255, 128, 255, 144, 255, 144, 255, 128, 255, 128, 255, 144, 255,
    144, 255, 128, 255, 128, 255, 144, 255, 144, 255, 128, 255,   0, 255,  16, 191,
      1,  31,   0, 255,   0, 255,   0, 255,   0, 255,   0, 255,   0, 255,   0, 255,
      0, 255,   0, 255,   0, 255,   0, 255,   0, 255,   0, 255,   0, 255,   0, 255,
     17, 255,   0, 255,   0, 255,   0, 255,   0, 255,   0, 255,   0, 255,   0, 255,
      0, 255,   0, 255,   0, 255,   0, 255,   0, 255,   0, 255,   0, 255,   0, 191,
      1,  31,   0,   0,   0,  31,  27,  63,  27, 255, 219, 255, 219, 255, 224, 255,
    219, 255, 219, 255, 219, 255, 219, 255, 224, 255, 219, 255, 219, 255, 219, 255,
    219, 255,   0,   0,   0,   0,   0, 128,   0, 255, 255, 255, 255, 255, 255, 255,
    255, 255,  31, 255, 223, 255, 223, 255, 223, 255, 223, 255, 223, 255, 223, 255,
    223, 255,   0,   0,   0,  31,  18,  63,  18, 255, 146, 255, 146, 255, 192, 255,
    146, 255, 146, 255, 146, 255, 146, 255, 192, 255, 146, 255, 146, 255, 146, 255,
    146, 255,   0,   0,   0,   0,   0, 128,   0, 255, 255, 255, 255, 255, 255, 255,
    255, 255,  31, 255, 223, 255, 223, 255, 223, 255, 223, 255, 223, 255, 223, 255,
    223, 255,   0,   0,   0,  31,  18,  63,  18, 255,   0, 255,   0, 255,   0, 255,
      0, 255,   0, 255,   0, 255,   0, 255,   0, 255,   0, 255,   0, 255,   0, 255,
      0, 255,   0,   0,   0,   0,   0, 128,   0, 255,   0, 255,   0, 255,   0, 255,
      0, 255,   0, 255, 192, 255, 192, 255, 192, 255, 192, 255, 192, 255,  64, 255,
      0, 255, 224, 255, 219, 255, 219, 255, 219, 255, 219, 255, 224, 255, 219, 255,
    219, 255, 219, 255, 219, 255, 224, 255, 219, 255, 219, 255, 219, 255, 219, 255,
    224, 255, 223, 255, 223, 255,  31, 255, 255, 255, 255, 255, 255, 255, 255, 255,
    255, 255, 255, 255, 255, 255, 255, 255, 255, 255, 255, 255,  31, 255, 223, 255,
    223, 255, 192, 255, 146, 255, 146, 255, 146, 255, 146, 255, 192, 255, 146, 255,
    146, 255, 146, 255, 146, 255, 192, 255, 146, 255, 146, 255, 146, 255, 146, 255,
    192, 255, 223, 255, 223, 255,  23, 255, 247, 255, 247, 255, 103, 255, 119, 255,
     23, 255,  87, 255,  71, 255,  87, 255, 215, 255, 247, 255,  31, 255, 223, 255,
    223, 255,   0, 255,   0, 255,   0, 255,   0, 255,   0, 255,   0, 255,   0, 255,
      0, 255,   0, 255,   0, 255,   0, 255,   0, 255,   0, 255,   0, 255,   0, 255,
      0, 255,   0, 255, 128, 255,   0, 255,   0, 255,   0, 255,   0, 255,   0, 255,
      0, 255,   0, 255,   0, 255,   0, 255,   0, 255,   0, 255,   0, 255, 192, 255,
    192, 255, 219, 255, 219, 255, 219, 255, 219, 255, 224, 255, 219, 255, 219, 255,
    219, 255, 219, 255, 224, 255, 219, 255, 219, 255,  27, 255,  27,  63,   0,  31,
      0,   0, 223, 255, 223, 255, 223, 255, 223, 255, 223, 255, 223, 255, 223, 255,
     31, 255, 255, 255, 255, 255, 255, 255, 255, 255,   0, 255,   0, 128,   0,   0,
      0,   0, 146, 255, 146, 255, 146, 255, 146, 255, 192, 255, 146, 255, 146, 255,
    146, 255, 146, 255, 192, 255, 146, 255, 146, 255,  18, 255,  18,  63,   0,  31,
      0,   0, 223, 255, 223, 255, 223, 255, 223, 255, 223, 255, 223, 255, 223, 255,
     31, 255, 255, 255, 255, 255, 255, 255, 255, 255,   0, 255,   0, 128,   0,   0,
      0,   0,   0, 255,   0, 255,   0, 255,   0, 255,   0, 255,   0, 255,   0, 255,
      0, 255,   0, 255,   0, 255,   0, 255,   0, 255,   0, 255,   0,  63,   0,  31,
      0,   0, 192, 255, 192, 255, 192, 255,  64, 255,   0, 255,   0, 255, 128, 255,
      0, 255,   0, 255,   0, 255,   0, 255,   0, 255,   0, 255,   0, 128,   0,   0,
      0,   0,   0,   0,   0,   0,   0, 255,   0, 255, 255, 255, 255, 255, 255, 255,
    255, 255, 255, 255, 255, 255, 255, 255, 255, 255, 255, 255, 255, 255,   0, 255,
    255, 255,   0,   0,   0,   0,   0, 127,  48, 127,  63, 127,  63, 127,  63, 127,
     63, 127,  63, 127,  63, 127,  63, 127,  63, 127,  63, 127,  63, 127,   0, 255,
    127, 255,   0,   0,   0,   0,   0, 255,   0, 255, 255, 255, 239, 255, 235, 255,
    203, 255, 235, 255, 163, 255, 171, 255, 143, 255, 175, 255, 255, 255,   0, 255,
    254, 255,   0,   0,   0,   0,   0, 127,  16, 127,  31, 127,  27, 127,  26, 127,
     24, 127,  26, 127,  26, 127,  27, 127,  27, 127,  27, 127,  31, 127,   0, 255,
    127, 255,   0,   0,   0,   0,   0, 255,   0, 255,   0, 255,   0, 255,   0, 255,
      0, 255,   0, 255,   0, 255,   0, 255,   0, 255,   0, 255,   0, 255,   0, 255,
      0, 255,   0,   0,   0,   0,   0, 127,  16, 127,  16, 127,  16, 127,  16, 127,
     16, 127,  16, 127,  16, 127,  16, 127,  16, 127,  16, 127,  16, 127,   0, 255,
      0, 255, 255, 255,   1, 255, 253, 255,   5, 255, 245, 255, 245, 255, 245, 255,
    245, 255, 245, 255, 245, 255, 245, 255, 245, 255,   5, 255, 253, 255,   1, 255,
    255, 255, 127, 255,   0, 255,  63, 127,  62, 127,  62, 127,  62, 127,  62, 127,
     62, 127,  62, 127,  62, 127,  62, 127,  62, 127,  58, 127,  53, 127,   0, 255,
    127, 255,   0, 255,   0, 255, 252, 255,   4, 255, 244, 255, 244, 255, 244, 255,
    244, 255, 244, 255, 244, 255, 244, 255, 244, 255,   4, 255, 252, 255,   0, 255,
    254, 255,   0, 255,   0, 255,  63, 127,  62, 127,  62, 127,  62, 127,  62, 127,
     62, 127,  62, 127,  62, 127,  62, 127,  62, 127,  58, 127,  53, 127,   0, 255,
    127, 255,   0, 255,   0, 255,   0, 255,   0, 255, 208, 255, 224, 255, 112, 255,
     48, 255, 144, 255,  64, 255, 160, 255, 208, 255,   0, 255,   0, 255,   0, 255,
      0, 255,   0, 255,   0, 255,   0, 127,   0, 127,   0, 127,   0, 127,   0, 127,
      0, 127,   0, 127,   0, 127,   0, 127,   0, 127,   0, 127,   4, 127,   0, 255,
      0, 255, 255, 255,   0, 255, 255, 255, 255, 255, 255, 255, 255, 255, 255, 255,
      1, 255, 253, 255, 253, 255, 253, 255, 253, 255, 253, 255, 253, 255, 253, 255,
    253, 255, 127, 255,   0, 255,  63, 127,  63, 127,  63, 127,  63, 127,  60, 127,
     61, 127,  61, 127,  61, 127,  61, 127,  61, 127,  61, 127,  61, 127,  61, 127,
     61, 127,   0, 255,   0, 255, 255, 255, 255, 255, 255, 255, 255, 255, 255, 255,
      1, 255, 253, 255, 253, 255, 253, 255, 253, 255, 253, 255, 253, 255, 253, 255,
    253, 255,   0, 255,   0, 255,  31, 127,  31, 127,  31, 127,  31, 127,  28, 127,
     28, 127,  28, 127,  28, 127,  28, 127,  28, 127,  28, 127,  28, 127,  28, 127,
     28, 127,   0, 255,   0, 255,   0, 255,   0, 255,   0, 255,   0, 255,   0, 255,
      0, 255, 212, 255, 232, 255, 244, 255, 248, 255, 252, 255, 252, 255, 124, 255,
     60, 255,   0, 255,   0, 255,  16, 127,  16, 127,  16, 127,  16, 127,  16, 127,
     16, 127,  16, 127,  16, 127,  16, 127,  16, 127,  16, 127,  16, 127,  16, 127,
     16, 127, 253, 255, 253, 255, 253, 255, 253, 255, 253, 255, 253, 255, 253, 255,
      1, 255, 255, 255, 255, 255, 255, 255, 255, 255, 255, 255,   0, 255,   0, 255,
      0,   0,  61, 127,  61, 127,  61, 127,  61, 127,  61, 127,  61, 127,  61, 127,
     61, 127,  60, 127,  63, 127,  63, 127,  63, 127,  63, 127,  48, 127,   0, 127,
      0,   0, 253, 255, 253, 255, 253, 255, 253, 255, 253, 255, 253, 255, 253, 255,
      1, 255, 255, 255, 255, 255, 255, 255, 255, 255, 255, 255,   0, 255,   0, 255,
      0,   0,  28, 127,  28, 127,  28, 127,  28, 127,  28, 127,  28, 127,  28, 127,
     28, 127,  28, 127,  31, 127,  31, 127,  31, 127,  31, 127,  16, 127,   0, 127,
      0,   0,  28, 255, 140, 255,  68, 255, 160, 255, 208, 255, 232, 255, 244, 255,
      0, 255,   0, 255,   0, 255,   0, 255,   0, 255,   0, 255,   0, 255,   0, 255,
      0,   0,  16, 127,  16, 127,  16, 127,  16, 127,  16, 127,  16, 127,  16, 127,
     16, 127,  16, 127,  16, 127,  16, 127,  16, 127,  16, 127,  16, 127,   0, 127,
      0,   0,   0,   0,   0,   0,   0, 255,   0, 255, 255, 255, 255, 255, 255, 255,
    159, 255, 160, 255, 191, 255, 191, 255, 191, 255, 191, 255, 191, 255, 191, 255,
    191, 255,   0,   0,   0,   0,   0, 127,  48, 255, 191, 255, 191, 255, 191, 255,
    191, 255, 191, 255, 191, 255, 191, 255, 191, 255, 191, 255, 191, 255, 191, 255,
    191, 255,   0,   0,   0,   0,   0, 255,   0, 255, 255, 255, 255, 255, 255, 255,
    159, 255, 128, 255, 159, 255, 159, 255, 159, 255, 159, 255, 159, 255, 159, 255,
    159, 255,   0,   0,   0,   0,   0, 127,  16, 255,  31, 255,  31, 255,  31, 255,
     31, 255,  31, 255,  31, 255,  31, 255,  31, 255,  31, 255,  31, 255,  31, 255,
     31, 255,   0,   0,   0,   0,   0, 255,   0, 255,   0, 255,   0, 255,   0, 255,
      0, 255,   0, 255,  15, 255,   7, 255,   3, 255,  17, 255,   8, 255,  20, 255,
     26, 255,   0,   0,   0,   0,   0, 127,  16, 255,  16, 255,  16, 255,  16, 255,
     16, 255,  16, 255,  16, 255,  16, 255,  16, 255,  16, 255,  16, 255,  16, 255,
     16, 255, 191, 255, 191, 255, 160, 255, 159, 255, 255, 255, 255, 255, 255, 255,
    255, 255, 255, 255, 255, 255, 255, 255, 255, 255, 159, 255, 160, 255, 191, 255,
    191, 255, 191, 255, 191, 255, 191, 255, 191, 255, 191, 255, 191, 255, 191, 255,
    191, 255, 191, 255, 191, 255, 191, 255, 191, 255, 191, 255, 191, 255, 191, 255,
    191, 255, 159, 255, 159, 255, 128, 255, 159, 255, 255, 255, 255, 255, 255, 255,
    255, 255, 255, 255, 254, 255, 255, 255, 255, 255, 159, 255, 128, 255, 159, 255,
    159, 255,  31, 255,  31, 255,  31, 255,  27, 255,  27, 255,  27, 255,  26, 255,
     24, 255,  26, 255,  26, 255,  30, 255,  31, 255,  31, 255,  31, 255,  31, 255,
     31, 255,  29, 255,  30, 255,   0, 255,   0, 255,   0, 255,   0, 255,   0, 255,
      0, 255,   0, 255,   0, 255,   0, 255,   0, 255,   0, 255,   0, 255,  15, 255,
      7, 255,  16, 255,  16, 255,  16, 255,  16, 255,  16, 255,  16, 255,  16, 255,
     16, 255,  16, 255,  16, 255,  16, 255,  16, 255,  16, 255,  16, 255,  16, 255,
     16, 255, 191, 255, 191, 255, 191, 255, 191, 255, 191, 255, 191, 255, 191, 255,
    160, 255, 159, 255, 255, 255, 255, 255, 255, 255,   0, 255,   0, 255,   0,   0,
      0,   0, 191, 255, 191, 255, 191, 255, 191, 255, 191, 255, 191, 255, 191, 255,
    191, 255, 191, 255, 191, 255, 191, 255, 191, 255,  48, 255,   0, 127,   0,   0,
      0,   0, 159, 255, 159, 255, 159, 255, 159, 255, 159, 255, 159, 255, 159, 255,
    128, 255, 159, 255, 255, 255, 255, 255, 255, 255,   0, 255,   0, 255,   0,   0,
      0,   0,  31, 255,  31, 255,  31, 255,  31, 255,  31, 255,  31, 255,  31, 255,
     31, 255,  31, 255,  31, 255,  31, 255,  31, 255,  16, 255,   0, 127,   0,   0,
      0,   0,   3, 255,  17, 255,   8, 255,  20, 255,  26, 255,  29, 255,  30, 255,
      0, 255,   0, 255,   0, 255,   0, 255,   0, 255,   0, 255,   0, 255,   0,   0,
      0,   0,  16, 255,  16, 255,  16, 255,  16, 255,  16, 255,  16, 255,  16, 255,
     16, 255,  16, 255,  16, 255,  16, 255,  16, 255,  16, 255,   0, 127,   0,   0,
      0,   0, 255, 255, 255, 255, 255, 255, 255, 255, 255, 255, 255, 255, 255, 255,
    255, 255, 255, 255, 255, 255, 255, 255, 255, 255, 255, 255, 255, 255, 255, 255,
    255, 255, 255, 255, 255, 255, 255, 255, 255, 255, 255, 255, 255, 255, 255, 255,
    255, 255, 255, 255, 255, 255, 255, 255, 255, 255, 255, 255, 255, 255, 255, 255,
    255, 255, 255, 255, 255, 255, 255, 255, 255, 255, 255, 255, 255, 255, 255, 255,
    255, 255, 255, 255, 255, 255, 255, 255, 255, 255, 255, 255, 255, 255, 255, 255,
    255, 255, 255, 255, 255, 255, 255, 255, 255, 255, 255, 255, 255, 255, 255, 255,
    255, 255, 255, 255, 255, 255, 255, 255, 255, 255, 255, 255, 255, 255, 255, 255,
    255, 255, 255, 255, 159, 255, 255, 255, 135, 255, 255, 255, 191, 255, 255, 255,
    255, 255, 255, 255, 191, 255, 255, 255, 135, 255, 255, 255, 159, 255, 255, 255,
    255, 255, 255, 255, 191, 255, 255, 255, 159, 255, 255, 255, 191, 255, 255, 255,
    255, 255, 255, 255, 255, 255, 255, 255, 223, 255, 183, 255, 207, 255, 255, 255,
    255, 255,   0,  15,   6, 255, 182, 255, 182, 255, 182, 255, 182, 255,   6, 255,
    182, 255, 182, 255, 182, 255, 182, 255,   6, 255, 182, 255, 182, 255, 182, 255,
    182, 255,   0,   0,   0, 255, 109, 255, 109, 255, 109, 255, 109, 255,   0, 255,
    109, 255, 109, 255, 109, 255, 109, 255,   0, 255, 109, 255, 109, 255, 109, 255,
    109, 255,   0,  15,   6, 255,  38, 255,  38, 255,  38, 255,  38, 255,   6, 255,
     38, 255,  38, 255,  38, 255,  38, 255,   6, 255,  38, 255,  38, 255,  38, 255,
     38, 255,   0,   0,   0, 255,  73, 255,  73, 255,  73, 255,  73, 255,   0, 255,
     73, 255,  73, 255,  73, 255,  73, 255,   0, 255,  73, 255,  73, 255,  73, 255,
     73, 255,   0,  15,   6, 255,  34, 255,  34, 255,   2, 255,   2, 255,   2, 255,
      2, 255,   2, 255,   2, 255,   2, 255,   2, 255,   2, 255,   2, 255,   2, 255,
      2, 255,   0,   0,   0, 255,  73, 255,  73, 255,   0, 255,   0, 255,   0, 255,
      0, 255,   0, 255,   0, 255,   0, 255,   0, 255,   0, 255,   0, 255,   0, 255,
      0, 255,   6, 255, 182, 255, 182, 255, 182, 255, 182, 255,   6, 255, 182, 255,
    182, 255, 182, 255, 182, 255,   6, 255, 182, 255, 182, 255, 182, 255, 182, 255,
      6, 255,   0, 255, 109, 255, 109, 255, 109, 255, 109, 255,   0, 255, 109, 255,
    109, 255, 109, 255, 109, 255,   0, 255, 109, 255, 109, 255, 109, 255, 109, 255,
      0, 255,   6, 255,  38, 255,  38, 255,  38, 255,  38, 255,   6, 255,  38, 255,
     38, 255,  38, 255,  38, 255,   6, 255,  38, 255,  38, 255,  38, 255,  38, 255,
      6, 255,   0, 255,  73, 255,  73, 255,  73, 255,  73, 255,   0, 255,  73, 255,
     73, 255,  73, 255,  73, 255,   0, 255,  73, 255,  73, 255,  73, 255,  73, 255,
      0, 255,   2, 255,   2, 255,   2, 255,   2, 255,   2, 255,   2, 255,   2, 255,
      2, 255,   2, 255,   2, 255,   2, 255,   2, 255,   2, 255,   2, 255,   2, 255,
      2, 255,   0, 255,   0, 255,   0, 255,   0, 255,   0, 255,   0, 255,   0, 255,
      0, 255,   0, 255,   0, 255,   0, 255,   0, 255,   0, 255,   0, 255,   0, 255,
      0, 255, 182, 255, 182, 255, 182, 255, 182, 255,   6, 255, 182, 255, 182, 255,
    182, 255, 182, 255,   6, 255, 182, 255, 182, 255, 182, 255, 182, 255,   6, 255,
      0,  15, 109, 255, 109, 255, 109, 255, 109, 255,   0, 255, 109, 255, 109, 255,
    109, 255, 109, 255,   0, 255, 109, 255, 109, 255, 109, 255, 109, 255,   0, 255,
      0,   0,  38, 255,  38, 255,  38, 255,  38, 255,   6, 255,  38, 255,  38, 255,
     38, 255,  38, 255,   6, 255,  38, 255,  38, 255,  38, 255,  38, 255,   6, 255,
      0,  15,  73, 255,  73, 255,  73, 255,  73, 255,   0, 255,  73, 255,  73, 255,
     73, 255,  73, 255,   0, 255,  73, 255,  73, 255,  73, 255,  73, 255,   0, 255,
      0,   0,   2, 255,   2, 255,   2, 255,   2, 255,   2, 255,   2, 255,   2, 255,
      2, 255,   2, 255,   2, 255,   2, 255,   2, 255,   2, 255,   2, 255,   2, 255,
      0,  15,   0, 255,   0, 255,   0, 255,   0, 255,   0, 255,   0, 255,   0, 255,
      0, 255,   0, 255,   0, 255,   0, 255,   0, 255,   0, 255,   0, 255,   0, 255,
      0,   0,   0,   0,   0,   0,   0, 128,   0, 255, 255, 255, 255, 255, 255, 255,
    255, 255, 255, 255, 255, 255, 255, 255, 255, 255, 255, 255, 255, 255,  63, 255,
    191, 255,   0,   0,   0,   0,   0, 255,   0, 255, 255, 255, 255, 255, 255, 255,
    255, 255, 255, 255, 255, 255, 255, 255, 255, 255, 255, 255, 255, 255,   0, 255,
    255, 255,   0,   0,   0,   0,   0, 128,   0, 255, 255, 255, 255, 255, 255, 255,
    255, 255, 221, 255, 221, 255, 213, 255, 197, 255, 213, 255, 241, 255,  53, 255,
    189, 255,   0,   0,   0,   0,   0, 255,   0, 255, 255, 255, 255, 255, 239, 255,
    175, 255, 143, 255, 175, 255,  63, 255, 191, 255, 191, 255, 255, 255,   0, 255,
    254, 255,   0,   0,   0,   0,   0, 128,   0, 255,   0, 255,   0, 255,   0, 255,
      0, 255,   0, 255,   0, 255,   0, 255,   0, 255,   0, 255,   0, 255,   0, 255,
    128, 255,   0,   0,   0,   0,   0, 255,   0, 255,   0, 255,   0, 255,   0, 255,
      0, 255,   0, 255,   0, 255,   0, 255,   0, 255,   0, 255,   0, 255,   0, 255,
      0, 255, 191, 255, 191, 255, 191, 255, 191, 255, 191, 255, 191, 255, 191, 255,
    191, 255, 191, 255, 191, 255, 191, 255, 191, 255, 191, 255, 191, 255, 191, 255,
    191, 255, 255, 255,   1, 255, 253, 255,   5, 255, 245, 255, 245, 255, 245, 255,
    245, 255, 245, 255, 245, 255, 245, 255, 245, 255,   5, 255, 253, 255,   1, 255,
    255, 255, 189, 255, 191, 255, 191, 255, 191, 255, 191, 255, 191, 255, 191, 255,
    191, 255, 191, 255, 191, 255, 191, 255, 191, 255, 191, 255, 191, 255, 191, 255,
    191, 255,   0, 255,   0, 255, 252, 255,   4, 255, 244, 255, 244, 255, 244, 255,
    244, 255, 244, 255, 244, 255, 244, 255, 244, 255,   4, 255, 252, 255,   0, 255,
    254, 255, 128, 255, 128, 255, 128, 255, 128, 255, 128, 255, 128, 255, 128, 255,
    128, 255, 128, 255, 128, 255, 128, 255, 128, 255, 128, 255, 128, 255, 128, 255,
    128, 255,   0, 255,   0, 255,   0, 255,   0, 255, 208, 255, 224, 255, 112, 255,
     48, 255, 144, 255,  64, 255, 160, 255, 208, 255,   0, 255,   0, 255,   0, 255,
      0, 255, 191, 255,  63, 255, 255, 255, 255, 255, 255, 255, 255, 255, 255, 255,
    255, 255, 255, 255, 255, 255, 255, 255, 255, 255,   0, 255,   0, 128,   0,   0,
      0,   0, 255, 255,   0, 255, 255, 255, 255, 255, 255, 255, 255, 255, 255, 255,
    255, 255, 255, 255, 255, 255, 255, 255, 255, 255,   0, 255,   0, 255,   0,   0,
      0,   0, 191, 255,  63, 255, 255, 255, 239, 255, 171, 255, 163, 255, 171, 255,
    139, 255, 171, 255, 187, 255, 191, 255, 255, 255,   0, 255,   0, 128,   0,   0,
      0,   0,   0, 255,   0, 255, 255, 255, 255, 255, 255, 255, 255, 255, 255, 255,
    255, 255, 255, 255, 255, 255, 255, 255, 255, 255,   0, 255,   0, 255,   0,   0,
      0,   0, 128, 255,   0, 255,   0, 255,   0, 255,   0, 255,   0, 255,   0, 255,
      0, 255,   0, 255,   0, 255,   0, 255,   0, 255,   0, 255,   0, 128,   0,   0,
      0,   0,   0, 255,   0, 255,   0, 255,   0, 255,   0, 255,   0, 255,   0, 255,
      0, 255,   0, 255,   0, 255,   0, 255,   0, 255,   0, 255,   0, 255,   0,   0,
      0,   0, 255, 255, 255, 255, 255, 255, 255, 255, 255, 255, 255, 255, 255, 255,
    255, 255, 255, 255, 255, 255, 255, 255, 255, 255, 255, 255, 255, 255, 255, 255,
    255, 255, 255, 255, 255, 255, 255, 255, 255, 255, 255, 255, 255, 255, 255, 255,
    255, 255, 255, 255, 255, 255, 255, 255, 255, 255, 255, 255, 255, 255, 255, 255,
    255, 255, 255, 255, 255, 255, 255, 255, 255, 255, 255, 255, 255, 255, 255, 255,
    255, 255, 255, 255, 255, 255, 255, 255, 255, 255, 255, 255, 255, 255, 255, 255,
    255, 255, 255, 255, 255, 255, 255, 255, 255, 255, 255, 255, 255, 255, 255, 255,
    255, 255, 255, 255, 255, 255, 255, 255, 255, 255, 255, 255, 255, 255, 255, 255,
    255, 255, 255, 255, 255, 255, 207, 255, 191, 255, 223, 255, 255, 255, 255, 255,
    255, 255, 255, 255, 255, 255, 243, 255, 255, 255, 231, 255, 255, 255, 255, 255,
    255, 255, 255, 255, 255, 255, 255, 255, 159, 255, 255, 255, 207, 255, 255, 255,
    255, 255, 255, 255, 223, 255, 175, 255, 223, 255, 251, 255, 245, 255, 251, 255,
    255, 255,   0,   0,   0,  31,  27,  63,  27, 255, 219, 255, 219, 255, 224, 255,
    219, 255, 219, 255, 219, 255, 219, 255, 224, 255, 219, 255, 219, 255, 219, 255,
    219, 255,   0,   0,   0,   0,   0, 128,   0, 255, 255, 255, 255, 255, 255, 255,
    255, 255, 255, 255, 255, 255, 255, 255, 255, 255, 255, 255, 255, 255,  63, 255,
    191, 255,   0,   0,   0,  31,  18,  63,  18, 255, 146, 255, 146, 255, 192, 255,
    146, 255, 146, 255, 146, 255, 146, 255, 192, 255, 146, 255, 146, 255, 146, 255,
    146, 255,   0,   0,   0,   0,   0, 128,   0, 255, 255, 255, 255, 255, 255, 255,
    255, 255, 255, 255, 255, 255, 255, 255, 255, 255, 238, 255, 238, 255,  42, 255,
    162, 255,   0,   0,   0,  31,  18,  63,  18, 255,   0, 255,   0, 255,   0, 255,
      0, 255,   0, 255,   0, 255,   0, 255,   0, 255,   0, 255,   0, 255,   0, 255,
      0, 255,   0,   0,   0,   0,   0, 128,   0, 255,   0, 255,   0, 255,   0, 255,
      0, 255,   0, 255,   0, 255,   0, 255,   0, 255,   0, 255,   0, 255,   0, 255,
    128, 255, 224, 255, 219, 255, 219, 255, 219, 255, 219, 255, 224, 255, 219, 255,
    219, 255, 219, 255, 219, 255, 224, 255, 219, 255, 219, 255, 219, 255, 219, 255,
    224, 255, 191, 255, 191, 255, 191, 255, 191, 255, 191, 255, 191, 255, 191, 255,
    191, 255, 191, 255, 191, 255, 191, 255, 191, 255, 191, 255, 191, 255, 191, 255,
    191, 255, 192, 255, 146, 255, 146, 255, 146, 255, 146, 255, 192, 255, 146, 255,
    146, 255, 146, 255, 146, 255, 192, 255, 146, 255, 146, 255, 146, 255, 146, 255,
    192, 255, 170, 255, 184, 255, 186, 255, 190, 255, 190, 255, 191, 255, 191, 255,
    191, 255, 191, 255, 191, 255, 191, 255, 191, 255, 191, 255, 191, 255, 191, 255,
    191, 255,   0, 255,   0, 255,   0, 255,   0, 255,   0, 255,   0, 255,   0, 255,
      0, 255,   0, 255,   0, 255,   0, 255,   0, 255,   0, 255,   0, 255,   0, 255,
      0, 255, 128, 255, 128, 255, 128, 255, 128, 255, 128, 255, 128, 255, 128, 255,
    128, 255, 128, 255, 128, 255, 128, 255, 128, 255, 128, 255, 128, 255, 128, 255,
    128, 255, 219, 255, 219, 255, 219, 255, 219, 255, 224, 255, 219, 255, 219, 255,
    219, 255, 219, 255, 224, 255, 219, 255, 219, 255,  27, 255,  27,  63,   0,  31,
      0,   0, 191, 255,  63, 255, 255, 255, 255, 255, 255, 255, 255, 255, 255, 255,
    255, 255, 255, 255, 255, 255, 255, 255, 255, 255,   0, 255,   0, 128,   0,   0,
      0,   0, 146, 255, 146, 255, 146, 255, 146, 255, 192, 255, 146, 255, 146, 255,
    146, 255, 146, 255, 192, 255, 146, 255, 146, 255,  18, 255,  18,  63,   0,  31,
      0,   0, 191, 255,  63, 255, 255, 255, 239, 255, 171, 255, 163, 255, 171, 255,
    139, 255, 171, 255, 187, 255, 191, 255, 255, 255,   0, 255,   0, 128,   0,   0,
      0,   0,   0, 255,   0, 255,   0, 255,   0, 255,   0, 255,   0, 255,   0, 255,
      0, 255,   0, 255,   0, 255,   0, 255,   0, 255,   0, 255,   0,  63,   0,  31,
      0,   0, 128, 255,   0, 255,   0, 255,   0, 255,   0, 255,   0, 255,   0, 255,
      0, 255,   0, 255,   0, 255,   0, 255,   0, 255,   0, 255,   0, 128,   0,   0,
      0,   0,   0,   0,   0,   0,   0, 127,  48, 127,  63, 127,  63, 127,  63, 127,
     63, 127,  63, 127,  63, 127,  63, 127,  63, 127,  63, 127,  63, 127,   0, 255,
    127, 255, 255, 255, 255, 255, 255, 255, 255, 255, 255, 255, 255, 255, 255, 255,
    255, 255, 255, 255, 255, 255, 255, 255, 255, 255, 255, 255, 255, 255, 255, 255,
    255, 255,   0,   0,   0,   0,   0, 127,  16, 127,  31, 127,  31, 127,  30, 127,
     30, 127,  30, 127,  30, 127,  30, 127,  30, 127,  30, 127,  31, 127,   0, 255,
    127, 255, 255, 255, 255, 255, 255, 255, 255, 255, 255, 255, 255, 255, 255, 255,
    255, 255, 255, 255, 255, 255, 255, 255, 255, 255, 255, 255, 255, 255, 255, 255,
    255, 255,   0,   0,   0,   0,   0, 127,  16, 127,  16, 127,  16, 127,  16, 127,
     16, 127,  16, 127,  16, 127,  16, 127,  16, 127,  16, 127,  16, 127,   0, 255,
      0, 255, 136, 255, 128, 255, 128, 255, 128, 255, 128, 255, 129, 255, 193, 255,
    255, 255, 255, 255, 255, 255, 243, 255, 233, 255, 225, 255, 241, 255, 223, 255,
    255, 255, 127, 255,   0, 255,  63, 127,  62, 127,  62, 127,  62, 127,  62, 127,
     62, 127,  62, 127,  62, 127,  62, 127,  62, 127,  58, 127,  53, 127,   0, 127,
    127, 127, 255, 255, 255, 255, 255, 255, 255, 255, 255, 255, 255, 255, 255, 255,
    255, 255, 255, 255, 255, 255, 255, 255, 255, 255, 255, 255, 255, 255, 255, 255,
    255, 255,   0, 255,   0, 255,  63, 127,  62, 127,  62, 127,  62, 127,  62, 127,
     62, 127,  62, 127,  62, 127,  62, 127,  62, 127,  58, 127,  53, 127,   0, 127,
    127, 127, 255, 255, 255, 255, 255, 255, 255, 255, 255, 255, 255, 255, 255, 255,
    255, 255, 255, 255, 255, 255, 255, 255, 255, 255, 255, 255, 255, 255, 255, 255,
    255, 255,   0, 255,   0, 255,   0, 127,   0, 127,   0, 127,   0, 127,   0, 127,
      0, 127,   0, 127,   0, 127,   0, 127,   0, 127,   0, 127,   4, 127,   0, 127,
      0, 127, 255, 255, 251, 255, 143, 255, 135, 255, 151, 255, 207, 255, 255, 255,
    255, 255, 161, 255, 128, 255, 131, 255, 132, 255, 128, 255, 128, 255, 192, 255,
    255, 255, 127, 127,   0, 127,  63, 127,  63, 127,  63, 127,  63, 127,  63, 127,
     63, 127,  63, 127,  63, 127,  63, 127,  63, 127,  48, 127,   0, 127,   0,   0,
      0,   0, 255, 255, 255, 255, 255, 255, 255, 255, 255, 255, 255, 255, 255, 255,
    255, 255, 255, 255, 255, 255, 255, 255, 255, 255, 255, 255, 255, 255, 255, 255,
    255, 255,   0, 127,   0, 127,  31, 127,  31, 127,  31, 127,  31, 127,  31, 127,
     31, 127,  31, 127,  31, 127,  31, 127,  31, 127,  16, 127,   0, 127,   0,   0,
      0,   0, 255, 255, 255, 255, 255, 255, 255, 255, 255, 255, 255, 255, 255, 255,
    255, 255, 255, 255, 255, 255, 255, 255, 255, 255, 255, 255, 255, 255, 255, 255,
    255, 255,   0, 127,   0, 127,  16, 127,  16, 127,  16, 127,  16, 127,  16, 127,
     16, 127,  16, 127,  16, 127,  16, 127,  16, 127,  16, 127,   0, 127,   0,   0,
      0,   0, 255, 255, 255, 255, 207, 255, 143, 255, 223, 255, 251, 255, 255, 255,
    255, 255, 255, 255, 223, 255, 247, 255, 231, 255, 231, 255, 255, 255, 255, 255,
    255, 255, 255, 255, 255, 255, 255, 255, 255, 255, 255, 255, 255, 255, 255, 255,
    255, 255, 255, 255, 255, 255, 255, 255, 255, 255, 255, 255, 255, 255, 255, 255,
    255, 255, 255, 255, 255, 255, 255, 255, 255, 255, 255, 255, 255, 255, 255, 255,
    255, 255, 255, 255, 255, 255, 255, 255, 255, 255, 255, 255, 255, 255, 255, 255,
    255, 255, 255, 255, 255, 255, 255, 255, 255, 255, 255, 255, 255, 255, 255, 255,
    255, 255, 255, 255, 255, 255, 255, 255, 255, 255, 255, 255, 255, 255, 255, 255,
    255, 255, 255, 255, 255, 255, 255, 255, 255, 255, 255, 255, 255, 255, 255, 255,
    255, 255, 255, 255, 255, 255, 255, 255, 255, 255, 255, 255, 255, 255, 255, 255,
    255, 255, 128, 255, 128, 255, 128, 255, 128, 255, 128, 255, 128, 255, 128, 255,
    255, 255, 193, 255, 192, 255, 128, 255, 128, 255, 128, 255, 128, 255, 144, 255,
    255, 255, 128, 255, 128, 255, 128, 255, 128, 255, 128, 255, 128, 255, 192, 255,
    255, 255, 150, 255, 128, 255, 128, 255, 224, 255, 144, 255, 128, 255, 130, 255,
    255, 255,   0,   0,   0,   0,   0, 255,   0, 255, 255, 255, 255, 255, 255, 255,
    255, 255, 255, 255, 255, 255, 255, 255, 255, 255, 255, 255, 255, 255,   0, 255,
    255, 255,   0,   0,   0,   0,   0, 127,  48, 127,  63, 127,  63, 127,  63, 127,
     63, 127,  63, 127,  63, 127,  63, 127,  63, 127,  63, 127,  63, 127,   0, 255,
    127, 255,   0,   0,   0,   0,   0, 255,   0, 255, 255, 255, 255, 255, 239, 255,
    175, 255, 143, 255, 175, 255,  63, 255, 191, 255, 191, 255, 255, 255,   0, 255,
    254, 255,   0,   0,   0,   0,   0, 127,  16, 127,  31, 127,  31, 127,  30, 127,
     30, 127,  30, 127,  30, 127,  30, 127,  30, 127,  30, 127,  31, 127,   0, 255,
    127, 255,   0,   0,   0,   0,   0, 255,   0, 255,   0, 255,   0, 255,   0, 255,
      0, 255,   0, 255,   0, 255,   0, 255,   0, 255,   0, 255,   0, 255,   0, 255,
      0, 255,   0,   0,   0,   0,   0, 127,  16, 127,  16, 127,  16, 127,  16, 127,
     16, 127,  16, 127,  16, 127,  16, 127,  16, 127,  16, 127,  16, 127,   0, 255,
      0, 255, 255, 255,   1, 255, 253, 255,   5, 255, 245, 255, 245, 255, 245, 255,
    245, 255, 245, 255, 245, 255, 245, 255, 245, 255,   5, 255, 253, 255,   1, 255,
    255, 255, 127, 255,   0, 255,  63, 127,  62, 127,  62, 127,  62, 127,  62, 127,
     62, 127,  62, 127,  62, 127,  62, 127,  62, 127,  58, 127,  53, 127,   0, 255,
    127, 255,   0, 255,   0, 255, 252, 255,   4, 255, 244, 255, 244, 255, 244, 255,
    244, 255, 244, 255, 244, 255, 244, 255, 244, 255,   4, 255, 252, 255,   0, 255,
    254, 255,   0, 255,   0, 255,  63, 127,  62, 127,  62, 127,  62, 127,  62, 127,
     62, 127,  62, 127,  62, 127,  62, 127,  62, 127,  58, 127,  53, 127,   0, 255,
    127, 255,   0, 255,   0, 255,   0, 255,   0, 255, 208, 255, 224, 255, 112, 255,
     48, 255, 144, 255,  64, 255, 160, 255, 208, 255,   0, 255,   0, 255,   0, 255,
      0, 255,   0, 255,   0, 255,   0, 127,   0, 127,   0, 127,   0, 127,   0, 127,
      0, 127,   0, 127,   0, 127,   0, 127,   0, 127,   0, 127,   4, 127,   0, 255,
      0, 255, 255, 255,   0, 255, 255, 255, 255, 255, 255, 255, 255, 255, 255, 255,
    255, 255, 255, 255, 255, 255, 255, 255, 255, 255,   0, 255,   0, 255,   0,   0,
      0,   0, 127, 255,   0, 255,  63, 127,  63, 127,  63, 127,  63, 127,  63, 127,
     63, 127,  63, 127,  63, 127,  63, 127,  63, 127,  48, 127,   0, 127,   0,   0,
      0,   0,   0, 255,   0, 255, 255, 255, 255, 255, 255, 255, 255, 255, 255, 255,
    255, 255, 255, 255, 255, 255, 255, 255, 255, 255,   0, 255,   0, 255,   0,   0,
      0,   0,   0, 255,   0, 255,  31, 127,  31, 127,  31, 127,  31, 127,  31, 127,
     31, 127,  31, 127,  31, 127,  31, 127,  31, 127,  16, 127,   0, 127,   0,   0,
      0,   0,   0, 255,   0, 255,   0, 255,   0, 255,   0, 255,   0, 255,   0, 255,
      0, 255,   0, 255,   0, 255,   0, 255,   0, 255,   0, 255,   0, 255,   0,   0,
      0,   0,   0, 255,   0, 255,  16, 127,  16, 127,  16, 127,  16, 127,  16, 127,
     16, 127,  16, 127,  16, 127,  16, 127,  16, 127,  16, 127,   0, 127,   0,   0,
      0,   0,   0,   0, 240, 248, 240, 248, 240, 248, 240, 248, 240, 248, 240, 248,
    240, 248, 240, 248, 240, 248, 240, 248, 240, 248, 240, 248, 240, 248,   0, 248,
      0,   0,   0,   0,  47, 127, 127, 255, 127, 255,  15, 127,   7,  15,   7,  15,
      7,  15,   7,  15,   7,  15,   7,  15,  15, 127, 127, 255, 127, 255,   0, 127,
      0,   0,   0,   0,   0, 248, 240, 248, 240, 248, 240, 248, 240, 248, 240, 248,
    240, 248, 240, 248, 240, 248, 240, 248, 240, 248, 240, 248, 240, 248,   0, 248,
      0,   0,   0,   0,   0, 127, 127, 255,  15, 255,  15, 127,   7,  15,   7,  15,
      7,  15,   7,  15,   7,  15,   7,  15,  15, 127, 127, 255,  15, 255,   0, 127,
      0,   0,   0,   0,   0, 248,   0, 248,  96, 248,  64, 248,   0, 248,  64, 248,
      0, 248,  96, 248,  96, 248,   0, 248,  96, 248,  64, 248,   0, 248,   0, 248,
      0,   0,   0,   0,   0, 127,   0, 255,   3, 255,   3, 127,   0,  15,   3,  15,
      2,  15,   0,  15,   2,  15,   0,  15,   2, 127,   3, 255,   0, 255,   0, 127,
      0,   0, 255, 255, 255, 255, 255, 255, 255, 255, 255, 255, 255, 255, 255, 255,
    255, 255, 255, 255, 255, 255, 255, 255, 255, 255, 255, 255, 255, 255, 255, 255,
    255, 255, 255, 255, 255, 255, 255, 255, 255, 255, 255, 255, 255, 255, 255, 255,
    255, 255, 255, 255, 255, 255, 255, 255, 255, 255, 255, 255, 255, 255, 255, 255,
    255, 255, 255, 255, 255, 255, 255, 255, 255, 255, 255, 255, 255, 255, 255, 255,
    255, 255, 255, 255, 255, 255, 255, 255, 255, 255, 255, 255, 255, 255, 255, 255,
    255, 255, 255, 255, 255, 255, 255, 255, 255, 255, 255, 255, 255, 255, 255, 255,
    255, 255, 255, 255, 255, 255, 255, 255, 255, 255, 255, 255, 255, 255, 255, 255,
    255, 255, 255, 255, 255, 255, 255, 255, 255, 255, 255, 255, 255, 255, 255, 255,
    255, 255, 255, 255, 255, 255, 255, 255, 255, 255, 255, 255, 255, 255, 255, 255,
    255, 255, 255, 255, 255, 255, 255, 255, 255, 255, 255, 255, 255, 255, 255, 255,
    255, 255, 255, 255, 255, 255, 255, 255, 255, 255, 255, 255, 255, 255, 255, 255,
    255, 255, 255, 255, 255, 255, 255, 255, 255, 255, 255, 255, 255, 255, 255, 255,
    255, 255, 255, 255, 255, 255, 255, 255, 255, 255, 255, 255, 255, 255, 255, 255,
    255, 255, 255, 255, 255, 255, 255, 255, 255, 255, 255, 255, 255, 255, 255, 255,
    255, 255, 255, 255, 255, 255, 255, 255, 255, 255, 255, 255, 255, 255, 255, 255,
    255, 255, 255, 255, 255, 255, 255, 255, 255, 255, 255, 255, 255, 255, 255, 255,
    255, 255, 255, 255, 255, 255, 255, 255, 255, 255, 255, 255, 255, 255, 255, 255,
    255, 255, 255, 255, 255, 255, 255, 255, 255, 255, 255, 255, 255, 255, 255, 255,
    255, 255, 255, 255, 255, 255, 255, 255, 255, 255, 255, 255, 255, 255, 255, 255,
    255, 255, 255, 255, 255, 255, 255, 255, 255, 255, 255, 255, 255, 255, 255, 255,
    255, 255, 255, 255, 255, 255, 255, 255, 255, 255, 255, 255, 255, 255, 255, 255,
    255, 255, 255, 255, 255, 255, 255, 255, 255, 255, 255, 255, 255, 255, 255, 255,
    255, 255, 255, 255, 255, 255, 255, 255, 255, 255, 255, 255, 255, 255, 255, 255,
    255, 255, 
};
uint8_t punklogooutlined[] =
{
    128,  64,   0,   0,   0,   0,   0,   0,   0,   0,   0,   0,   0,   0,   0,   0,
      0,   0,   0,   0,   0,   0,   0,   0,   0,   0,   0,   0,   0,   0,   0,   0,
      0,   0,   0,   0,   0,   0,   0,   0,   0,   0,   0,   0,   0,   0,   0,   0,
      0,   0,   0,   0,   0,   0,   0,   0,   0,   0,   0,   0,   0,   0,   0,   0,
      0,   0,   0,   0,   0,   0,   0,   0,   0,   0,   0,   0,   0,   0,   0,   0,
      0,   0,   0,   0,   0,   0,   0,   0,   0,   0,   0,   0,   0,   0,   0,   0,
      0,   0,   0,   0,   0,   0,   0,   0,   0,   0,   0,   0, 128, 128, 192, 192,
    224, 224, 240, 240, 115, 115, 255, 255, 127, 255, 127, 255, 255, 255, 127, 255,
    127, 255, 159, 255, 223, 255, 223, 255, 255, 255, 239, 255, 239, 255, 231, 255,
    255, 255, 255, 255, 255, 255, 255, 255, 255, 255, 255, 255, 255, 255, 127, 255,
    127, 255, 255, 255, 255, 255, 239, 239, 199, 199, 129, 129,   0,   0,   0,   0,
      0,   0,   0,   0,   0,   0,   0,   0,   0,   0,   0,   0,   0,   0,   0,   0,
      0,   0,   0,   0,   0,   0,   0,   0,   0,   0,   0,   0,   0,   0,   0,   0,
      0,   0,   0,   0,   0,   0,   0,   0,   0,   0,   0,   0,   0,   0,   0,   0,
      0,   0,   0,   0,   0,   0,   0,   0,   0,   0,   0,   0,   0,   0,   0,   0,
      0,   0,   0,   0,   0,   0,   0,   0,   0,   0,   0,   0,   0,   0,   0,   0,
      0,   0,   0,   0,   0,   0,   0,   0,   0,   0,   0,   0,   0,   0,   0,   0,
      0,   0,   0,   0,   0,   0,   0,   0,   0,   0,   0,   0,   0,   0,   0,   0,
      0,   0,   0,   0,   0,   0,   0,   0,   0,   0,   0,   0,   0,   0,   0,   0,
      0,   0,   0,   0,   0,   0,   0,   0,   0,   0,   0,   0,   0,   0,   0,   0,
      0,   0,   0,   0,   0,   0,   0,   0,   0,   0,   0,   0,   0,   0,   0,   0,
      0,   0,   0,   0,   0,   0,   0,   0,   0,   0,   0,   0,   0,   0,   0,   0,
      0,   0,   0,   0,   0,   0,   0,   0,   0,   0, 192, 192, 241, 241, 219, 251,
    197, 253, 226, 254,  49, 255,   0, 255,   0, 255, 129, 255, 248, 255, 252, 255,
    255, 255, 255, 255, 255, 255, 255, 255, 255, 255, 255, 255, 255, 255, 255, 255,
    255, 255, 255, 255, 255, 255, 255, 255, 255, 255, 255, 255, 255, 255, 255, 255,
    252, 255,   0, 255,   0, 255,   4, 255,  12, 255,  57, 255, 247, 255,  60,  60,
     16,  16,   0,   0,   0,   0,   0,   0,   0,   0,   0,   0,   0,   0,   0,   0,
      0,   0,   0,   0,   0,   0,   0,   0,   0,   0,   0,   0,   0,   0,   0,   0,
      0,   0,   0,   0,   0,   0,   0,   0,   0,   0,   0,   0,   0,   0,   0,   0,
      0,   0,   0,   0,   0,   0,   0,   0,   0,   0,   0,   0,   0,   0,   0,   0,
      0,   0,   0,   0,   0,   0,   0,   0,   0,   0,   0,   0,   0,   0,   0,   0,
      0,   0,   0,   0,   0,   0,   0,   0,   0,   0,   0,   0,   0,   0,   0,   0,
      0,   0,   0,   0,   0,   0,   0,   0,   0,   0,   0,   0,   0,   0,   0,   0,
      0,   0,   0,   0,   0,   0,   0,   0,   0,   0,   0,   0,   0,   0,   0,   0,
      0,   0,   0,   0,   0,   0,   0,   0,   0,   0,   0,   0,   0,   0,   0,   0,
      0,   0,   0,   0,   0,   0,   0,   0,   0,   0,   0,   0,   0,   0,   0,   0,
      0,   0,   0,   0,   0,   0,   0,   0,   0,   0,   0,   0,   0,   0,   0,   0,
      0,   0,   0,   0,   0,   0,  32,  32, 112, 112, 113, 113, 123, 123, 109, 125,
     99, 127, 224, 255,   0, 255, 192, 255, 192, 255,  19, 255,  63, 255, 255, 255,
    255, 255, 191, 255, 223, 255, 223, 255, 255, 255, 255, 255, 255, 255, 255, 255,
    255, 255, 255, 255, 247, 255, 247, 255, 255, 255, 255, 255, 255, 255, 255, 255,
    253, 255, 254, 255, 252, 255,  64, 127,  73, 127,  94, 127,  39,  39,   3,   3,
      0,   0,   0,   0,   0,   0,   0,   0,   0,   0,   0,   0,   0,   0,   0,   0,
      0,   0,   0,   0,   0,   0,   0,   0,   0,   0,   0,   0,   0,   0,   0,   0,
      0,   0,   0,   0,   0,   0,   0,   0,   0,   0,   0,   0,   0,   0,   0,   0,
      0,   0,   0,   0,   0,   0,   0,   0,   0,   0,   0,   0,   0,   0,   0,   0,
      0,   0,   0,   0,   0,   0,   0,   0,   0,   0,   0,   0,   0,   0,   0,   0,
      0,   0, 252, 252,   2, 254, 253, 255, 205, 255, 181, 255, 133, 255, 125, 255,
    141, 255,  34, 254, 204, 252, 242, 254, 121, 255, 253, 255, 253, 255,   1, 255,
     30, 254, 194, 254, 253, 255, 253, 255,  61, 255, 197, 255, 250, 254, 252, 252,
     48,  48, 128, 128, 112, 240, 140, 252, 242, 254, 141, 255, 253, 255, 226, 254,
     28, 252, 250, 250,  29, 255, 193, 255, 253, 255,  69, 255, 197, 255, 189, 255,
     66, 254, 230, 254, 218, 254,  26, 254, 249, 255, 125, 255, 157, 255,  93, 255,
      1, 255, 182, 254, 153, 255, 157, 255, 189, 255, 185, 255, 130, 254,  60, 252,
    240, 240,   3,   3,   6,   7,  47,  47, 127, 127,  60,  63, 220, 223, 251, 255,
    255, 255, 250, 255, 127, 255, 127, 255, 127, 255,  63, 255,  63, 255, 223, 255,
    159, 255, 223, 255,  63, 255, 255, 255, 159, 255, 255, 255, 191, 255, 247, 255,
    223, 255, 247, 247, 231, 231, 231, 231, 242, 242, 248, 248, 240, 240, 192, 192,
    192, 192, 224, 224,  98, 126, 153, 255,  61, 255, 250, 254, 242, 254, 140, 252,
    112, 240, 140, 252, 242, 254, 250, 254,  26, 254, 100, 252, 156, 252, 226, 254,
    253, 255, 125, 255, 253, 255,   1, 255, 242, 254, 234, 254,  26, 254, 250, 254,
    250, 254,  26, 254, 226, 254,   2, 254, 250, 254,  26, 254, 218, 254,  58, 254,
    244, 252, 244, 252, 100, 252,  24, 248, 224, 224, 192, 192,   0,   0,   0,   0,
      0,   0,  63,  63,  64, 127,  95, 127, 223, 255, 193, 255, 253, 255, 126, 127,
     64, 127,  95, 127, 223, 255, 223, 255, 204, 255,  76, 127,  79, 127, 103, 127,
     80, 127, 211, 255, 219, 255, 216, 255, 217, 255, 221, 255, 221, 255, 237, 255,
    234, 254, 129, 255, 190, 255, 223, 255, 225, 255, 126, 127,  97, 127,  95, 127,
     95, 127,  80, 127,  64, 127, 239, 255, 223, 255, 192, 255, 224, 255, 111, 127,
    111, 127,  96, 127, 109, 127,  94, 127, 153, 255, 186, 255, 139, 255, 178, 255,
     88, 127,  92, 127,  76, 127, 230, 255, 243, 255, 121, 127,  60,  63,  30,  31,
     15,  15,   6,   6,   0,   0,  16,  16, 190, 190,  95, 255, 229, 255, 224, 255,
    240, 255, 208, 255, 240, 255, 240, 255, 250, 255, 249, 255, 255, 255, 255, 255,
    255, 255, 255, 255, 255, 255, 255, 255, 255, 255, 255, 255, 253, 255, 255, 255,
    255, 255, 255, 255, 127, 255, 255, 255, 255, 255, 255, 255, 255, 255, 255, 255,
    223, 255, 253, 255,  95,  95,   9,   9,   6,   7,  24,  31,  35,  63,  79, 127,
     92, 127, 207, 255, 243, 255, 252, 255,  99, 127,  92, 127, 223, 255, 223, 255,
    236, 255, 108, 127, 111, 127, 103, 127, 120, 127,  67, 127,  92, 127, 223, 255,
    216, 255, 187, 255, 128, 255, 143, 255, 191, 255, 188, 255, 206, 255, 231, 255,
    243, 255, 120, 127,  30,  31,  15,  15,   7,   7,   1,   1,   0,   0,   0,   0,
      0,   0,   0,   0,   0,   0,   0,   0,   0,   0,   0,   0,   0,   0,   0,   0,
      0,   0,   0,   0,   0,   0,   0,   0,   0,   0,   0,   0,   0,   0,   0,   0,
      0,   0,   0,   0,   0,   0,   0,   0,   0,   0,   0,   0,   0,   0,   0,   0,
      0,   0,   0,   0,   0,   0,   0,   0,   0,   0,   0,   0,   0,   0,   0,   0,
      0,   0,   0,   0,   0,   0,   0,   0,   0,   0,   0,   0,   0,   0,   0,   0,
      0,   0,   0,   0,   0,   0,   0,   0,   0,   0,   0,   0,   0,   0,   0,   0,
      0,   0,   0,   0,   0,   0,   0,   0,   0,   0,   0,   0,   0,   0,   0,   0,
      0,   0,   0,   0,   0,   0, 112, 112, 223, 255,  75, 255,  95, 255,  63, 255,
    127, 255, 126, 255, 252, 255, 248, 255, 240, 255, 241, 255, 255, 255, 255, 255,
    255, 255, 255, 255, 255, 255, 255, 255, 252, 255,  60, 255, 188, 255, 126, 255,
    255, 255, 159, 255, 255, 255, 127, 255, 255, 255, 127, 255, 255, 255, 255, 255,
     62,  63,   1,   1,   0,   0,   0,   0,   0,   0,   0,   0,   0,   0,   0,   0,
      0,   0,   0,   0,   0,   0,   0,   0,   0,   0,   0,   0,   0,   0,   0,   0,
      0,   0,   0,   0,   0,   0,   0,   0,   0,   0,   0,   0,   0,   0,   0,   0,
      0,   0,   0,   0,   0,   0,   0,   0,   0,   0,   0,   0,   0,   0,   0,   0,
      0,   0,   0,   0,   0,   0,   0,   0,   0,   0,   0,   0,   0,   0,   0,   0,
      0,   0,   0,   0,   0,   0,   0,   0,   0,   0,   0,   0,   0,   0,   0,   0,
      0,   0,   0,   0,   0,   0,   0,   0,   0,   0,   0,   0,   0,   0,   0,   0,
      0,   0,   0,   0,   0,   0,   0,   0,   0,   0,   0,   0,   0,   0,   0,   0,
      0,   0,   0,   0,   0,   0,   0,   0,   0,   0,   0,   0,   0,   0,   0,   0,
      0,   0,   0,   0,   0,   0,   0,   0,   0,   0,   0,   0,   0,   0,   0,   0,
      0,   0,   0,   0,   0,   0,   0,   0,   0,   0,   0,   0,   0,   0,   0,   0,
      0,   0,   0,   0,   0,   0,   0,   0,   0,   0,   0,   0,   0,   0,   0,   0,
      0,   0,   0,   0,   0,   0, 128, 128, 143, 143, 220, 223, 242, 255, 225, 255,
    224, 255, 192, 255, 193, 255, 224, 255, 193, 255, 241, 255, 249, 255, 252, 255,
    255, 255, 255, 255, 231, 255, 195, 255, 193, 255,   3, 255,   3, 255, 131, 255,
    131, 255, 131, 255, 135, 255,   1, 255,   1, 255, 240, 255,  16,  31,  15,  15,
      0,   0,   0,   0,   0,   0,   0,   0,   0,   0,   0,   0,   0,   0,   0,   0,
      0,   0,   0,   0,   0,   0,   0,   0,   0,   0,   0,   0,   0,   0,   0,   0,
      0,   0,   0,   0,   0,   0,   0,   0,   0,   0,   0,   0,   0,   0,   0,   0,
      0,   0,   0,   0,   0,   0,   0,   0,   0,   0,   0,   0,   0,   0,   0,   0,
      0,   0,   0,   0,   0,   0,   0,   0,   0,   0,   0,   0,   0,   0,   0,   0,
      0,   0,   0,   0,   0,   0,   0,   0,   0,   0,   0,   0,   0,   0,   0,   0,
      0,   0,   0,   0,   0,   0,   0,   0,   0,   0,   0,   0,   0,   0,   0,   0,
      0,   0,   0,   0,   0,   0,   0,   0,   0,   0,   0,   0,   0,   0,   0,   0,
      0,   0,   0,   0,   0,   0,   0,   0,   0,   0,   0,   0,   0,   0,   0,   0,
      0,   0,   0,   0,   0,   0,   0,   0,   0,   0,   0,   0,   0,   0,   0,   0,
      0,   0,   0,   0,   0,   0,   0,   0,   0,   0,   0,   0,   0,   0,   0,   0,
      0,   0,   0,   0,   0,   0,   0,   0,   0,   0,   0,   0, 128, 128, 224, 224,
    124, 252, 238, 254, 227, 255, 195, 255, 135, 255, 143, 255, 255, 255,  31, 255,
     31, 255, 255, 255, 255, 255, 127, 255, 127, 255, 127, 255, 127, 255, 127, 255,
    127, 255, 255, 255,  63, 255,  63, 255,  63, 255,  63, 255,  63, 255,  31, 255,
    253, 253, 231, 231, 255, 255,   0, 255, 102, 255, 255, 255,   0,   0,   0,   0,
      0,   0,   0,   0,   0,   0,   0,   0,   0,   0,   0,   0,   0,   0,   0,   0,
      0,   0,   0,   0,   0,   0,   0,   0,   0,   0,   0,   0,   0,   0,   0,   0,
      0,   0,   0,   0,   0,   0,   0,   0,   0,   0,   0,   0,   0,   0,   0,   0,
      0,   0,   0,   0,   0,   0,   0,   0,   0,   0,   0,   0,   0,   0,   0,   0,
      0,   0,   0,   0,   0,   0,   0,   0,   0,   0,   0,   0,   0,   0,   0,   0,
      0,   0,   0,   0,   0,   0,   0,   0,   0,   0,   0,   0,   0,   0,   0,   0,
      0,   0,   0,   0,   0,   0,   0,   0,   0,   0,   0,   0,   0,   0,   0,   0,
      0,   0,   0,   0,   0,   0,   0,   0,   0,   0,   0,   0,   0,   0,   0,   0,
      0,   0,   0,   0,   0,   0,   0,   0,   0,   0,   0,   0,   0,   0,   0,   0,
      0,   0,   0,   0,   0,   0,   0,   0,   0,   0,   0,   0,   0,   0,   0,   0,
      0,   0,   0,   0,   0,   0,   0,   0,   0,   0,   0,   0,   0,   0,   0,   0,
      0,   0,   0,   0,   0,   0,   0,   0,   0,   0,   0,   0, 128, 128,  64, 192,
    160, 224, 144, 240, 115, 115, 252, 255, 113, 255,  19, 255,  23, 255,  63, 255,
     31, 255,  27, 255, 135, 255, 130, 255, 194, 255,  64, 255, 193, 255, 195, 255,
    192, 255, 143, 255,   7, 255,  23, 255,  31, 255,  62, 255,  62, 255,  47, 255,
     79, 255,  79, 255,  22, 255,  40, 239,  70, 199, 129, 129,   0,   0,   0,   0,
      0,   0,   0,   0,   0,   0,   0,   0,   0,   0,   0,   0,   0,   0,   0,   0,
      0,   0,   0,   0,   0,   0,   0,   0,   0,   0,   0,   0,   0,   0,   0,   0,
      0,   0,   0,   0,   0,   0,   0,   0,   0,   0,   0,   0,   0,   0,   0,   0,
      0,   0,   0,   0,   0,   0,   0,   0,   0,   0,   0,   0,   0,   0,   0,   0,
      0,   0,   0,   0,   0,   0,   0,   0,   0,   0,   0,   0,   0,   0,   0,   0,
      0,   0,   0,   0,   0,   0,   0,   0,   0,   0,   0,   0,   0,   0,   0,   0,
      0,   0,   0,   0,   0,   0,   0,   0,   0,   0,   0,   0,   0,   0,   0,   0,
      0,   0,   0,   0,   0,   0,   0,   0,   0,   0,   0,   0,   0,   0,   0,   0,
      0,   0,   0,   0,   0,   0,   0,   0,   0,   0,   0,   0,   0,   0,   0,   0,
      0,   0,   0,   0,   0,   0,   0,   0,   0,   0,   0,   0,   0,   0,   0,   0,
      0,   0,   0,   0,   0,   0,   0,   0,   0,   0,   0,   0,   0,   0,   0,   0,
      0,   0,   0,   0,   0,   0,   0,   0,   0,   0, 192, 192,  49, 241, 138, 251,
    197, 253,  98, 254,   1, 255,   0, 255,   0, 255,   0, 255, 128, 255, 240, 255,
    252, 255, 127, 255, 255, 255, 255, 255, 254, 255, 255, 255, 255, 255, 255, 255,
    255, 255, 255, 255, 246, 255, 240, 255, 240, 255, 192, 255, 128, 255,   0, 255,
      0, 255,   0, 255,   0, 255,   0, 255,   8, 255,  24, 255, 243, 255,  44,  60,
     16,  16,   0,   0,   0,   0,   0,   0,   0,   0,   0,   0,   0,   0,   0,   0,
      0,   0,   0,   0,   0,   0,   0,   0,   0,   0,   0,   0,   0,   0,   0,   0,
      0,   0,   0,   0,   0,   0,   0,   0,   0,   0,   0,   0,   0,   0,   0,   0,
      0,   0,   0,   0,   0,   0,   0,   0,   0,   0,   0,   0,   0,   0,   0,   0,
      0,   0,   0,   0,   0,   0,   0,   0,   0,   0,   0,   0,   0,   0,   0,   0,
      0,   0,   0,   0,   0,   0,   0,   0,   0,   0,   0,   0,   0,   0,   0,   0,
      0,   0,   0,   0,   0,   0,   0,   0,   0,   0,   0,   0,   0,   0,   0,   0,
      0,   0,   0,   0,   0,   0,   0,   0,   0,   0,   0,   0,   0,   0,   0,   0,
      0,   0,   0,   0,   0,   0,   0,   0,   0,   0,   0,   0,   0,   0,   0,   0,
      0,   0,   0,   0,   0,   0,   0,   0,   0,   0,   0,   0,   0,   0,   0,   0,
      0,   0,   0,   0,   0,   0,   0,   0,   0,   0,   0,   0,   0,   0,   0,   0,
      0,   0,   0,   0,   0,   0,  32,  32,  80, 112,  81, 113,  74, 123,  69, 125,
     67, 127, 224, 255,   0, 255, 128, 255,   0, 255,   0, 255,  15, 255,  63, 255,
     23, 255,  28, 255, 223, 255, 223, 255, 159, 255, 255, 255, 255, 255, 255, 255,
    255, 255, 255, 255, 247, 255, 231, 255, 231, 255, 247, 255, 255, 255, 126, 255,
    120, 255, 126, 255, 252, 255,  64, 127,  64, 127,  94, 127,  36,  39,   3,   3,
      0,   0,   0,   0,   0,   0,   0,   0,   0,   0,   0,   0,   0,   0,   0,   0,
      0,   0,   0,   0,   0,   0,   0,   0,   0,   0,   0,   0,   0,   0,   0,   0,
      0,   0,   0,   0,   0,   0,   0,   0,   0,   0,   0,   0,   0,   0,   0,   0,
      0,   0,   0,   0,   0,   0,   0,   0,   0,   0,   0,   0,   0,   0,   0,   0,
      0,   0,   0,   0,   0,   0,   0,   0,   0,   0,   0,   0,   0,   0,   0,   0,
      0,   0, 252, 252,   2, 254, 253, 255, 205, 255, 133, 255, 133, 255, 125, 255,
    141, 255,  34, 254, 204, 252, 242, 254, 121, 255, 253, 255, 221, 255,   1, 255,
     30, 254, 194, 254, 253, 255, 253, 255,  61, 255, 197, 255, 250, 254, 252, 252,
     48,  48, 128, 128, 112, 240, 140, 252, 242, 254, 141, 255, 253, 255, 226, 254,
     28, 252, 250, 250,  29, 255, 193, 255, 253, 255,  69, 255, 197, 255, 189, 255,
     66, 254, 230, 254, 218, 254,  26, 254, 249, 255, 125, 255, 157, 255,  93, 255,
      1, 255, 182, 254, 153, 255, 157, 255, 189, 255, 185, 255, 130, 254,  60, 252,
    240, 240,   3,   3,   4,   7,  43,  47,  95, 127,  32,  63, 216, 223,  48, 255,
    112, 255,  96, 255,  71, 255,  31, 255, 127, 255,  63, 255,  31, 255,  95, 255,
     31, 255,  31, 255,  31, 255,  79, 255,  23, 255, 223, 255,   5, 255, 134, 255,
    142, 255,  20, 247, 165, 231, 165, 231, 146, 242, 120, 248, 240, 240, 192, 192,
     64, 192, 160, 224,  98, 126, 153, 255,  61, 255, 250, 254, 242, 254, 140, 252,
     16, 240, 140, 252, 242, 254, 250, 254,  26, 254, 100, 252, 156, 252, 226, 254,
    253, 255, 125, 255, 221, 255,   1, 255, 242, 254, 234, 254,  26, 254, 250, 254,
    250, 254,  26, 254, 226, 254,   2, 254, 250, 254,  26, 254,  26, 254,  58, 254,
    244, 252, 244, 252, 100, 252,  24, 248, 224, 224, 192, 192,   0,   0,   0,   0,
      0,   0,  63,  63,  64, 127,  95, 127, 223, 255, 193, 255, 253, 255, 126, 127,
     64, 127,  95, 127, 223, 255, 219, 255, 204, 255,  76, 127,  79, 127, 103, 127,
     80, 127, 211, 255, 219, 255, 216, 255, 217, 255, 221, 255, 221, 255, 237, 255,
    234, 254, 129, 255, 190, 255, 223, 255, 225, 255, 126, 127,  97, 127,  95, 127,
     95, 127,  80, 127,  64, 127, 239, 255, 223, 255, 192, 255, 224, 255, 111, 127,
    111, 127,  96, 127, 109, 127,  94, 127, 153, 255, 186, 255, 139, 255, 178, 255,
     88, 127,  92, 127,  76, 127, 230, 255, 243, 255, 121, 127,  60,  63,  30,  31,
     15,  15,   6,   6,   0,   0,  16,  16, 174, 190,  73, 255,   1, 255,   0, 255,
      0, 255,   0, 255,   0, 255, 240, 255, 240, 255, 120, 255, 252, 255, 255, 255,
    254, 255, 254, 255, 255, 255, 255, 255, 127, 255, 125, 255, 124, 255, 253, 255,
    251, 255, 126, 255,  15, 255,  15, 255,  95, 255,  63, 255,   6, 255,  79, 255,
      8, 255, 189, 255,  87,  95,   9,   9,   6,   7,  24,  31,  35,  63,  79, 127,
     92, 127, 207, 255, 243, 255, 252, 255,  99, 127,  92, 127, 223, 255, 219, 255,
    236, 255, 108, 127, 111, 127, 103, 127, 120, 127,  67, 127,  92, 127, 223, 255,
    216, 255, 187, 255, 128, 255, 143, 255, 191, 255, 188, 255, 206, 255, 231, 255,
    243, 255, 120, 127,  30,  31,  15,  15,   7,   7,   1,   1,   0,   0,   0,   0,
      0,   0,   0,   0,   0,   0,   0,   0,   0,   0,   0,   0,   0,   0,   0,   0,
      0,   0,   0,   0,   0,   0,   0,   0,   0,   0,   0,   0,   0,   0,   0,   0,
      0,   0,   0,   0,   0,   0,   0,   0,   0,   0,   0,   0,   0,   0,   0,   0,
      0,   0,   0,   0,   0,   0,   0,   0,   0,   0,   0,   0,   0,   0,   0,   0,
      0,   0,   0,   0,   0,   0,   0,   0,   0,   0,   0,   0,   0,   0,   0,   0,
      0,   0,   0,   0,   0,   0,   0,   0,   0,   0,   0,   0,   0,   0,   0,   0,
      0,   0,   0,   0,   0,   0,   0,   0,   0,   0,   0,   0,   0,   0,   0,   0,
      0,   0,   0,   0,   0,   0, 112, 112, 143, 255,   0, 255,   8, 255,  14, 255,
     14, 255,  14, 255,  28, 255,   0, 255,   0, 255,   0, 255,   7, 255,  15, 255,
     15, 255, 255, 255, 255, 255, 127, 255, 248, 255,  24, 255,  28, 255,  60, 255,
     62, 255,  31, 255,  31, 255,  31, 255,  61, 255,  63, 255,   4, 255, 192, 255,
     62,  63,   1,   1,   0,   0,   0,   0,   0,   0,   0,   0,   0,   0,   0,   0,
      0,   0,   0,   0,   0,   0,   0,   0,   0,   0,   0,   0,   0,   0,   0,   0,
      0,   0,   0,   0,   0,   0,   0,   0,   0,   0,   0,   0,   0,   0,   0,   0,
      0,   0,   0,   0,   0,   0,   0,   0,   0,   0,   0,   0,   0,   0,   0,   0,
      0,   0,   0,   0,   0,   0,   0,   0,   0,   0,   0,   0,   0,   0,   0,   0,
      0,   0,   0,   0,   0,   0,   0,   0,   0,   0,   0,   0,   0,   0,   0,   0,
      0,   0,   0,   0,   0,   0,   0,   0,   0,   0,   0,   0,   0,   0,   0,   0,
      0,   0,   0,   0,   0,   0,   0,   0,   0,   0,   0,   0,   0,   0,   0,   0,
      0,   0,   0,   0,   0,   0,   0,   0,   0,   0,   0,   0,   0,   0,   0,   0,
      0,   0,   0,   0,   0,   0,   0,   0,   0,   0,   0,   0,   0,   0,   0,   0,
      0,   0,   0,   0,   0,   0,   0,   0,   0,   0,   0,   0,   0,   0,   0,   0,
      0,   0,   0,   0,   0,   0,   0,   0,   0,   0,   0,   0,   0,   0,   0,   0,
      0,   0,   0,   0,   0,   0, 128, 128, 143, 143, 208, 223, 224, 255, 192, 255,
    192, 255, 192, 255, 128, 255, 128, 255, 128, 255, 224, 255, 224, 255, 224, 255,
    224, 255, 193, 255, 192, 255,   0, 255,  64, 255,   0, 255,   0, 255,   0, 255,
      0, 255, 128, 255,   0, 255,   0, 255,   0, 255, 224, 255,  16,  31,  15,  15,
      0,   0,   0,   0,   0,   0,   0,   0,   0,   0,   0,   0,   0,   0,   0,   0,
      0,   0,   0,   0,   0,   0,   0,   0,   0,   0,   0,   0,   0,   0,   0,   0,
      0,   0,   0,   0,   0,   0,   0,   0,   0,   0,   0,   0,   0,   0,   0,   0,
      0,   0,   0,   0,   0,   0,   0,   0,   0,   0,   0,   0,   0,   0,   0,   0,
      0,   0,   0,   0,   0,   0,   0,   0,   0,   0,   0,   0,   0,   0,   0,   0,
      0,   0,   0,   0,   0,   0,   0,   0,   0,   0,   0,   0,   0,   0,   0,   0,
      0,   0,   0,   0,   0,   0,   0,   0,   0,   0,   0,   0,   0,   0,   0,   0,
      0,   0,   0,   0,   0,   0,   0,   0,   0,   0,   0,   0,   0,   0,   0,   0,
      0,   0,   0,   0,   0,   0,   0,   0,   0,   0,   0,   0,   0,   0,   0,   0,
      0,   0,   0,   0,   0,   0,   0,   0,   0,   0,   0,   0,   0,   0,   0,   0,
      0,   0,   0,   0,   0,   0,   0,   0,   0,   0,   0,   0,   0,   0,   0,   0,
      0,   0,   0,   0,   0,   0,   0,   0,   0,   0,   0,   0, 128, 128,  96, 224,
     28, 252,   2, 254,   1, 255,   0, 255,   7, 255,   7, 255,  15, 255,  31, 255,
     31, 255, 159, 255,  63, 255,  63, 255, 127, 255, 127, 255,  63, 255,  63, 255,
     63, 255,  63, 255,  63, 255,  63, 255,  63, 255,  63, 255,  62, 255,  11, 255,
     29, 253, 231, 231, 248, 255,   0, 255,   0, 255, 255, 255,   0,   0,   0,   0,
      0,   0,   0,   0,   0,   0,   0,   0,   0,   0,   0,   0,   0,   0,   0,   0,
      0,   0,   0,   0,   0,   0,   0,   0,   0,   0,   0,   0,   0,   0,   0,   0,
      0,   0,   0,   0,   0,   0,   0,   0,   0,   0,   0,   0,   0,   0,   0,   0,
      0,   0,   0,   0,   0,   0,   0,   0,   0,   0,   0,   0,   0,   0,   0,   0,
      0,   0,   0,   0,   0,   0,   0,   0,   0,   0,   0,   0,   0,   0,   0,   0,
      0,   0,   0,   0,   0,   0,   0,   0,   0,   0,   0,   0,   0,   0,   0,   0,
      0,   0,   0,   0,   0,   0,   0,   0,   0,   0,   0,   0,   0,   0,   0,   0,
      0,   0,   0,   0,   0,   0,   0,   0,   0,   0,   0,   0,   0,   0,   0,   0,
      0,   0,   0,   0,   0,   0,   0,   0,   0,   0,   0,   0,   0,   0,   0,   0,
      0,   0,   0,   0,   0,   0,   0,   0,   0,   0,   0,   0,   0,   0,   0,   0,
      0,   0,   0,   0,   0,   0,   0,   0,   0,   0,   0,   0,   0,   0,   0,   0,
      0,   0,   0,   0,   0,   0,   0,   0,   0,   0,   0,   0, 128, 128,  64, 192,
    160, 224, 144, 240,  83, 115, 204, 255,  64, 255,   0, 255,   0, 255,   0, 255,
      0, 255,   0, 255,   0, 255,   0, 255,   0, 255,   0, 255,   1, 255,   3, 255,
      0, 255,   0, 255,   0, 255,   0, 255,   0, 255,   0, 255,   0, 255,   1, 255,
      1, 255,   1, 255,  16, 255,  40, 239,  70, 199, 129, 129,   0,   0,   0,   0,
      0,   0,   0,   0,   0,   0,   0,   0,   0,   0,   0,   0,   0,   0,   0,   0,
      0,   0,   0,   0,   0,   0,   0,   0,   0,   0,   0,   0,   0,   0,   0,   0,
      0,   0,   0,   0,   0,   0,   0,   0,   0,   0,   0,   0,   0,   0,   0,   0,
      0,   0,   0,   0,   0,   0,   0,   0,   0,   0,   0,   0,   0,   0,   0,   0,
      0,   0,   0,   0,   0,   0,   0,   0,   0,   0,   0,   0,   0,   0,   0,   0,
      0,   0,   0,   0,   0,   0,   0,   0,   0,   0,   0,   0,   0,   0,   0,   0,
      0,   0,   0,   0,   0,   0,   0,   0,   0,   0,   0,   0,   0,   0,   0,   0,
      0,   0,   0,   0,   0,   0,   0,   0,   0,   0,   0,   0,   0,   0,   0,   0,
      0,   0,   0,   0,   0,   0,   0,   0,   0,   0,   0,   0,   0,   0,   0,   0,
      0,   0,   0,   0,   0,   0,   0,   0,   0,   0,   0,   0,   0,   0,   0,   0,
      0,   0,   0,   0,   0,   0,   0,   0,   0,   0,   0,   0,   0,   0,   0,   0,
      0,   0,   0,   0,   0,   0,   0,   0,   0,   0, 192, 192,  49, 241, 138, 251,
    197, 253,  98, 254,   1, 255,   0, 255,   0, 255,   0, 255,   0, 255,   0, 255,
      0, 255,   0, 255,   0, 255,  32, 255,  96, 255,  32, 255,  16, 255,  48, 255,
    176, 255, 216, 255, 224, 255, 224, 255, 224, 255, 128, 255,   0, 255,   0, 255,
      0, 255,   0, 255,   0, 255,   0, 255,   8, 255,  24, 255, 243, 255,  44,  60,
     16,  16,   0,   0,   0,   0,   0,   0,   0,   0,   0,   0,   0,   0,   0,   0,
      0,   0,   0,   0,   0,   0,   0,   0,   0,   0,   0,   0,   0,   0,   0,   0,
      0,   0,   0,   0,   0,   0,   0,   0,   0,   0,   0,   0,   0,   0,   0,   0,
      0,   0,   0,   0,   0,   0,   0,   0,   0,   0,   0,   0,   0,   0,   0,   0,
      0,   0,   0,   0,   0,   0,   0,   0,   0,   0,   0,   0,   0,   0,   0,   0,
      0,   0,   0,   0,   0,   0,   0,   0,   0,   0,   0,   0,   0,   0,   0,   0,
      0,   0,   0,   0,   0,   0,   0,   0,   0,   0,   0,   0,   0,   0,   0,   0,
      0,   0,   0,   0,   0,   0,   0,   0,   0,   0,   0,   0,   0,   0,   0,   0,
      0,   0,   0,   0,   0,   0,   0,   0,   0,   0,   0,   0,   0,   0,   0,   0,
      0,   0,   0,   0,   0,   0,   0,   0,   0,   0,   0,   0,   0,   0,   0,   0,
      0,   0,   0,   0,   0,   0,   0,   0,   0,   0,   0,   0,   0,   0,   0,   0,
      0,   0,   0,   0,   0,   0,  32,  32,  80, 112,  81, 113,  74, 123,  69, 125,
     67, 127, 224, 255,   0, 255, 128, 255,   0, 255,   0, 255,   0, 255,   0, 255,
      0, 255,   0, 255, 140, 255, 192, 255, 128, 255, 128, 255, 192, 255, 254, 255,
    243, 255, 227, 255, 245, 255, 227, 255, 195, 255, 227, 255, 251, 255, 120, 255,
     64, 255,  40, 255, 192, 255,  64, 127,  64, 127,  94, 127,  36,  39,   3,   3,
      0,   0,   0,   0,   0,   0,   0,   0,   0,   0,   0,   0,   0,   0,   0,   0,
      0,   0,   0,   0,   0,   0,   0,   0,   0,   0,   0,   0,   0,   0,   0,   0,
      0,   0,   0,   0,   0,   0,   0,   0,   0,   0,   0,   0,   0,   0,   0,   0,
      0,   0,   0,   0,   0,   0,   0,   0,   0,   0,   0,   0,   0,   0,   0,   0,
      0,   0,   0,   0,   0,   0,   0,   0,   0,   0,   0,   0,   0,   0,   0,   0,
      0,   0, 252, 252,   2, 254, 253, 255, 205, 255, 133, 255, 133, 255, 125, 255,
     13, 255,   2, 254, 204, 252, 242, 254, 121, 255, 253, 255, 221, 255,   1, 255,
      6, 254, 194, 254, 253, 255, 253, 255,  61, 255,   5, 255,   2, 254, 204, 252,
     48,  48, 128, 128, 112, 240, 140, 252, 242, 254, 141, 255, 253, 255, 226, 254,
      4, 252,  26, 250,  29, 255, 193, 255, 253, 255,  69, 255, 197, 255, 189, 255,
      2, 254,   2, 254, 154, 254,  26, 254, 249, 255, 125, 255,  29, 255,  29, 255,
      1, 255, 178, 254, 153, 255, 157, 255, 189, 255, 185, 255, 130, 254,  12, 252,
    240, 240,   3,   3,   4,   7,  43,  47,  95, 127,  32,  63, 216, 223,  48, 255,
     96, 255,  96, 255,  64, 255,  27, 255, 119, 255,  47, 255,  15, 255,  26, 255,
     27, 255,  25, 255,  12, 255,  15, 255,   7, 255,   3, 255,   4, 255,   4, 255,
      8, 255,  20, 247,  37, 231,  37, 231,  18, 242,   8, 248,  48, 240, 192, 192,
     64, 192, 160, 224,  98, 126, 153, 255,  61, 255, 250, 254, 242, 254, 140, 252,
     16, 240, 140, 252, 242, 254, 250, 254,  26, 254,   4, 252, 140, 252, 226, 254,
    253, 255, 125, 255, 221, 255,   1, 255,   2, 254, 138, 254,  26, 254, 250, 254,
    250, 254,  26, 254,   2, 254,   2, 254, 250, 254,  26, 254,  26, 254,  58, 254,
    244, 252, 244, 252, 100, 252,  24, 248,  32, 224, 192, 192,   0,   0,   0,   0,
      0,   0,  63,  63,  64, 127,  95, 127, 159, 255, 129, 255, 129, 255, 120, 127,
     64, 127,  95, 127, 159, 255, 155, 255, 140, 255,  76, 127,  79, 127,  71, 127,
     64, 127, 131, 255, 155, 255, 152, 255, 152, 255, 156, 255, 157, 255, 141, 255,
    138, 254, 129, 255, 190, 255, 159, 255, 129, 255,  64, 127,  65, 127,  95, 127,
     95, 127,  80, 127,  64, 127, 143, 255, 159, 255, 128, 255, 128, 255, 111, 127,
     79, 127,  64, 127,  64, 127,  94, 127, 153, 255, 184, 255, 136, 255, 130, 255,
     88, 127,  92, 127,  76, 127, 134, 255, 131, 255,  65, 127,  32,  63,  16,  31,
      9,  15,   6,   6,   0,   0,  16,  16, 174, 190,  73, 255,   1, 255,   0, 255,
      0, 255,   0, 255,   0, 255,   0, 255,   0, 255,   0, 255,   0, 255, 244, 255,
    248, 255, 250, 255, 250, 255, 252, 255,   6, 255,   0, 255,   0, 255,   0, 255,
      0, 255,   0, 255,   0, 255,   0, 255,   0, 255,   0, 255,   0, 255,   0, 255,
      0, 255, 180, 255,  87,  95,   9,   9,   6,   7,  24,  31,  35,  63,  79, 127,
     92, 127, 143, 255, 131, 255, 128, 255,  96, 127,  92, 127, 159, 255, 155, 255,
    140, 255,  76, 127,  79, 127,  71, 127,  64, 127,  65, 127,  92, 127, 159, 255,
    152, 255, 186, 255, 128, 255, 143, 255, 191, 255, 188, 255, 142, 255, 135, 255,
    131, 255,  96, 127,  16,  31,   8,  15,   6,   7,   1,   1,   0,   0,   0,   0,
      0,   0,   0,   0,   0,   0,   0,   0,   0,   0,   0,   0,   0,   0,   0,   0,
      0,   0,   0,   0,   0,   0,   0,   0,   0,   0,   0,   0,   0,   0,   0,   0,
      0,   0,   0,   0,   0,   0,   0,   0,   0,   0,   0,   0,   0,   0,   0,   0,
      0,   0,   0,   0,   0,   0,   0,   0,   0,   0,   0,   0,   0,   0,   0,   0,
      0,   0,   0,   0,   0,   0,   0,   0,   0,   0,   0,   0,   0,   0,   0,   0,
      0,   0,   0,   0,   0,   0,   0,   0,   0,   0,   0,   0,   0,   0,   0,   0,
      0,   0,   0,   0,   0,   0,   0,   0,   0,   0,   0,   0,   0,   0,   0,   0,
      0,   0,   0,   0,   0,   0, 112, 112, 143, 255,   0, 255,   0, 255,   0, 255,
      4, 255,  12, 255,   0, 255,   0, 255,   0, 255,   0, 255,   0, 255,   7, 255,
      7, 255,   7, 255,   7, 255,   7, 255,  48, 255,   0, 255,  24, 255,  28, 255,
     30, 255,  30, 255,  31, 255,  29, 255,  13, 255,   1, 255,   0, 255, 192, 255,
     62,  63,   1,   1,   0,   0,   0,   0,   0,   0,   0,   0,   0,   0,   0,   0,
      0,   0,   0,   0,   0,   0,   0,   0,   0,   0,   0,   0,   0,   0,   0,   0,
      0,   0,   0,   0,   0,   0,   0,   0,   0,   0,   0,   0,   0,   0,   0,   0,
      0,   0,   0,   0,   0,   0,   0,   0,   0,   0,   0,   0,   0,   0,   0,   0,
      0,   0,   0,   0,   0,   0,   0,   0,   0,   0,   0,   0,   0,   0,   0,   0,
      0,   0,   0,   0,   0,   0,   0,   0,   0,   0,   0,   0,   0,   0,   0,   0,
      0,   0,   0,   0,   0,   0,   0,   0,   0,   0,   0,   0,   0,   0,   0,   0,
      0,   0,   0,   0,   0,   0,   0,   0,   0,   0,   0,   0,   0,   0,   0,   0,
      0,   0,   0,   0,   0,   0,   0,   0,   0,   0,   0,   0,   0,   0,   0,   0,
      0,   0,   0,   0,   0,   0,   0,   0,   0,   0,   0,   0,   0,   0,   0,   0,
      0,   0,   0,   0,   0,   0,   0,   0,   0,   0,   0,   0,   0,   0,   0,   0,
      0,   0,   0,   0,   0,   0,   0,   0,   0,   0,   0,   0,   0,   0,   0,   0,
      0,   0,   0,   0,   0,   0, 128, 128, 143, 143,  80, 223, 160, 255, 192, 255,
    192, 255, 128, 255,   0, 255,   0, 255,   0, 255,   0, 255,   0, 255,   0, 255,
      0, 255,   0, 255,   0, 255,   0, 255,   0, 255,   0, 255,   0, 255,   0, 255,
      0, 255, 128, 255,   0, 255,   0, 255,   0, 255, 224, 255,  16,  31,  15,  15,
      0,   0,   0,   0,   0,   0,   0,   0,   0,   0,   0,   0,   0,   0,   0,   0,
      0,   0,   0,   0,   0,   0,   0,   0,   0,   0,   0,   0,   0,   0,   0,   0,
      0,   0,   0,   0,   0,   0,   0,   0,   0,   0,   0,   0,   0,   0,   0,   0,
      0,   0,   0,   0,   0,   0,   0,   0,   0,   0,   0,   0,   0,   0,   0,   0,
      0,   0,   0,   0,   0,   0,   0,   0,   0,   0,   0,   0,   0,   0,   0,   0,
      0,   0,   0,   0,   0,   0,   0,   0,   0,   0,   0,   0,   0,   0,   0,   0,
      0,   0,   0,   0,   0,   0,   0,   0,   0,   0,   0,   0,   0,   0,   0,   0,
      0,   0,   0,   0,   0,   0,   0,   0,   0,   0,   0,   0,   0,   0,   0,   0,
      0,   0,   0,   0,   0,   0,   0,   0,   0,   0,   0,   0,   0,   0,   0,   0,
      0,   0,   0,   0,   0,   0,   0,   0,   0,   0,   0,   0,   0,   0,   0,   0,
      0,   0,   0,   0,   0,   0,   0,   0,   0,   0,   0,   0,   0,   0,   0,   0,
      0,   0,   0,   0,   0,   0,   0,   0,   0,   0,   0,   0, 128, 128,  96, 224,
     28, 252,   2, 254,   1, 255,   0, 255,   2, 255,   7, 255,   7, 255,  15, 255,
     15, 255,  15, 255,  31, 255,  31, 255,  31, 255,  29, 255,  31, 255,  63, 255,
     62, 255,  62, 255,  60, 255,  60, 255,  56, 255,  48, 255,   0, 255,   3, 255,
     29, 253, 231, 231, 248, 255,   0, 255,   0, 255, 255, 255,   0,   0,   0,   0,
      0,   0,   0,   0,   0,   0,   0,   0,   0,   0,   0,   0,   0,   0,   0,   0,
      0,   0,   0,   0,   0,   0,   0,   0,   0,   0,   0,   0,   0,   0,   0,   0,
      0,   0,   0,   0,   0,   0,   0,   0,   0,   0,   0,   0,   0,   0,   0,   0,
      0,   0,   0,   0,   0,   0,   0,   0,   0,   0,   0,   0,   0,   0,   0,   0,
      0,   0,   0,   0,   0,   0,   0,   0,   0,   0,   0,   0,   0,   0,   0,   0,
      0,   0, 
};
